0.00
16.51
28.76
33.87
30.77
20.12
4.31
-12.63
-26.28
-33.35
-32.31
-23.39
-8.54
8.54
23.39
32.31
33.35
26.28
12.63
-4.31
-20.12
-30.77
-33.87
-28.76
-16.51
-0.00
16.51
28.76
33.87
30.77
20.12
4.31
-12.63
-26.28
-33.35
-32.31
-23.39
-8.54
8.54
23.39
32.31
33.35
26.28
12.63
-4.31
-20.12
-30.77
-33.87
-28.76
-16.51
-0.00
16.51
28.76
33.87
30.77
20.12
4.31
-12.63
-26.28
-33.35
-32.31
-23.39
-8.54
8.54
23.39
32.31
33.35
26.28
12.63
-4.31
-20.12
-30.77
-33.87
-28.76
-16.51
-0.00
16.51
28.76
33.87
30.77
20.12
4.31
-12.63
-26.28
-33.35
-32.31
-23.39
-8.54
8.54
23.39
32.31
33.35
26.28
12.63
-4.31
-20.12
-30.77
-33.87
-28.76
-16.51
-0.00
16.51
28.76
33.87
30.77
20.12
4.31
-12.63
-26.28
-33.35
-32.31
-23.39
-8.54
8.54
23.39
32.31
33.35
26.28
12.63
-4.31
-20.12
-30.77
-33.87
-28.76
-16.51
-0.00