0.00
-1.60
-5.88
-11.54
-16.99
-20.97
-22.78
-22.17
-19.22
-14.38
-8.64
-3.47
-0.41
-0.41
-3.47
-8.64
-14.38
-19.22
-22.17
-22.78
-20.97
-16.99
-11.54
-5.88
-1.60
0.00
-1.60
-5.88
-11.54
-16.99
-20.97
-22.78
-22.17
-19.22
-14.38
-8.64
-3.47
-0.41
-0.41
-3.47
-8.64
-14.38
-19.22
-22.17
-22.78
-20.97
-16.99
-11.54
-5.88
-1.60
0.00
-1.60
-5.88
-11.54
-16.99
-20.97
-22.78
-22.17
-19.22
-14.38
-8.64
-3.47
-0.41
-0.41
-3.47
-8.64
-14.38
-19.22
-22.17
-22.78
-20.97
-16.99
-11.54
-5.88
-1.60
0.00
-1.60
-5.88
-11.54
-16.99
-20.97
-22.78
-22.17
-19.22
-14.38
-8.64
-3.47
-0.41
-0.41
-3.47
-8.64
-14.38
-19.22
-22.17
-22.78
-20.97
-16.99
-11.54
-5.88
-1.60
0.00
-1.60
-5.88
-11.54
-16.99
-20.97
-22.78
-22.17
-19.22
-14.38
-8.64
-3.47
-0.41
-0.41
-3.47
-8.64
-14.38
-19.22
-22.17
-22.78
-20.97
-16.99
-11.54
-5.88
-1.60
0.00