0.00
63.66
91.88
81.69
32.70
-37.37
-83.69
-91.16
-60.12
5.18
66.99
92.41
79.48
27.90
-41.89
-85.50
-90.25
-56.39
10.34
70.13
92.75
77.06
22.99
-46.25
-87.10
-89.14
-52.47
15.45
73.05
92.89
74.44
17.99
-50.44
-88.51
-87.83
-48.37
20.50
75.78
92.84
71.61
12.90
-54.46
-89.72
-86.33
-44.09
25.46
78.29
92.60
68.58
7.76
-58.28
-90.73
-84.62
-39.65
30.32
80.61
92.17
65.35
2.59
-61.92
-91.55
-82.71
-35.05
35.05
82.71
91.55
61.92
-2.59
-65.35
-92.17
-80.61
-30.32
39.65
84.62
90.73
58.28
-7.76
-68.58
-92.60
-78.29
-25.46
44.09
86.33
89.72
54.46
-12.90
-71.61
-92.84
-75.78
-20.50
48.37
87.83
88.51
50.44
-17.99
-74.44
-92.89
-73.05
-15.45
52.47
89.14
87.10
46.25
-22.99
-77.06
-92.75
-70.13
-10.34
56.39
90.25
85.50
41.89
-27.90
-79.48
-92.41
-66.99
-5.18
60.12
91.16
83.69
37.37
-32.70
-81.69
-91.88
-63.66
-0.00
63.66
91.88
81.69
32.70
-37.37
-83.69
-91.16
-60.12
5.18
66.99
92.41
79.48
27.90
-41.89
-85.50
-90.25
-56.39
10.34
70.13
92.75
77.06
22.99
-46.25
-87.10
-89.14
-52.47
15.45
73.05
92.89
74.44
17.99
-50.44
-88.51
-87.83
-48.37
20.50
75.78
92.84
71.61
12.90
-54.46
-89.72
-86.33
-44.09
25.46
78.29
92.60
68.58
7.76
-58.28
-90.73
-84.62
-39.65
30.32
80.61
92.17
65.35
2.59
-61.92
-91.55
-82.71
-35.05
35.05
82.71
91.55
61.92
-2.59
-65.35
-92.17
-80.61
-30.32
39.65
84.62
90.73
58.28
-7.76
-68.58
-92.60
-78.29
-25.46
44.09
86.33
89.72
54.46
-12.90
-71.61
-92.84
-75.78
-20.50
48.37
87.83
88.51
50.44
-17.99
-74.44
-92.89
-73.05
-15.45
52.47
89.14
87.10
46.25
-22.99
-77.06
-92.75
-70.13
-10.34
56.39
90.25
85.50
41.89
-27.90
-79.48
-92.41
-66.99
-5.18
60.12
91.16
83.69
37.37
-32.70
-81.69
-91.88
-63.66
-0.00
63.66
91.88
81.69
32.70
-37.37
-83.69
-91.16
-60.12
5.18
66.99
92.41
79.48
27.90
-41.89
-85.50
-90.25
-56.39
10.34
70.13
92.75
77.06
22.99
-46.25
-87.10
-89.14
-52.47
15.45
73.05
92.89
74.44
17.99
-50.44
-88.51
-87.83
-48.37
20.50
75.78
92.84
71.61
12.90
-54.46
-89.72
-86.33
-44.09
25.46
78.29
92.60
68.58
7.76
-58.28
-90.73
-84.62
-39.65
30.32
80.61
92.17
65.35
2.59
-61.92
-91.55
-82.71
-35.05
35.05
82.71
91.55
61.92
-2.59
-65.35
-92.17
-80.61
-30.32
39.65
84.62
90.73
58.28
-7.76
-68.58
-92.60
-78.29
-25.46
44.09
86.33
89.72
54.46
-12.90
-71.61
-92.84
-75.78
-20.50
48.37
87.83
88.51
50.44
-17.99
-74.44
-92.89
-73.05
-15.45
52.47
89.14
87.10
46.25
-22.99
-77.06
-92.75
-70.13
-10.34
56.39
90.25
85.50
41.89
-27.90
-79.48
-92.41
-66.99
-5.18
60.12
91.16
83.69
37.37
-32.70
-81.69
-91.88
-63.66
0.00
63.66
91.88
81.69
32.70
-37.37
-83.69
-91.16
-60.12
5.18
66.99
92.41
79.48
27.90
-41.89
-85.50
-90.25
-56.39
10.34
70.13
92.75
77.06
22.99
-46.25
-87.10
-89.14
-52.47
15.45
73.05
92.89
74.44
17.99
-50.44
-88.51
-87.83
-48.37
20.50
75.78
92.84
71.61
12.90
-54.46
-89.72
-86.33
-44.09
25.46
78.29
92.60
68.58
7.76
-58.28
-90.73
-84.62
-39.65
30.32
80.61
92.17
65.35
2.59
-61.92
-91.55
-82.71
-35.05
35.05
82.71
91.55
61.92
-2.59
-65.35
-92.17
-80.61
-30.32
39.65
84.62
90.73
58.28
-7.76
-68.58
-92.60
-78.29
-25.46
44.09
86.33
89.72
54.46
-12.90
-71.61
-92.84
-75.78
-20.50
48.37
87.83
88.51
50.44
-17.99
-74.44
-92.89
-73.05
-15.45
52.47
89.14
87.10
46.25
-22.99
-77.06
-92.75
-70.13
-10.34
56.39
90.25
85.50
41.89
-27.90
-79.48
-92.41
-66.99
-5.18
60.12
91.16
83.69
37.37
-32.70
-81.69
-91.88
-63.66
-0.00
63.66
91.88
81.69
32.70
-37.37
-83.69
-91.16
-60.12
5.18
66.99
92.41
79.48
27.90
-41.89
-85.50
-90.25
-56.39
10.34
70.13
92.75
77.06
22.99
-46.25
-87.10
-89.14
-52.47
15.45
73.05
92.89
74.44
17.99
-50.44
-88.51
-87.83
-48.37
20.50
75.78
92.84
71.61
12.90
-54.46
-89.72
-86.33
-44.09
25.46
78.29
92.60
68.58
7.76
-58.28
-90.73
-84.62
-39.65
30.32
80.61
92.17
65.35
2.59
-61.92
-91.55
-82.71
-35.05
35.05
82.71
91.55
61.92
-2.59
-65.35
-92.17
-80.61
-30.32
39.65
84.62
90.73
58.28
-7.76
-68.58
-92.60
-78.29
-25.46
44.09
86.33
89.72
54.46
-12.90
-71.61
-92.84
-75.78
-20.50
48.37
87.83
88.51
50.44
-17.99
-74.44
-92.89
-73.05
-15.45
52.47
89.14
87.10
46.25
-22.99
-77.06
-92.75
-70.13
-10.34
56.39
90.25
85.50
41.89
-27.90
-79.48
-92.41
-66.99
-5.18
60.12
91.16
83.69
37.37
-32.70
-81.69
-91.88
-63.66
-0.00
63.66
91.88
81.69
32.70
-37.37
-83.69
-91.16
-60.12
5.18
66.99
92.41
79.48
27.90
-41.89
-85.50
-90.25
-56.39
10.34
70.13
92.75
77.06
22.99
-46.25
-87.10
-89.14
-52.47
15.45
73.05
92.89
74.44
17.99
-50.44
-88.51
-87.83
-48.37
20.50
75.78
92.84
71.61
12.90
-54.46
-89.72
-86.33
-44.09
25.46
78.29
92.60
68.58
7.76
-58.28
-90.73
-84.62
-39.65
30.32
80.61
92.17
65.35
2.59
-61.92
-91.55
-82.71
-35.05
35.05
82.71
91.55
61.92
-2.59
-65.35
-92.17
-80.61
-30.32
39.65
84.62
90.73
58.28
-7.76
-68.58
-92.60
-78.29
-25.46
44.09
86.33
89.72
54.46
-12.90
-71.61
-92.84
-75.78
-20.50