0.00
52.53
182.77
288.43
337.76
335.99
282.78
173.29
45.29
0.26
60.25
192.06
293.78
339.27
333.96
276.83
163.64
38.57
1.05
68.42
201.13
298.84
340.53
331.66
270.59
153.86
32.37
2.37
77.00
209.96
303.61
341.54
329.11
264.04
144.00
26.71
4.23
85.94
218.54
308.09
342.29
326.29
257.19
134.10
21.59
6.61
95.19
226.84
312.28
342.80
323.20
250.05
124.21
17.03
9.54
104.69
234.87
316.20
343.05
319.83
242.60
114.38
13.01
13.01
114.38
242.60
319.83
343.05
316.20
234.87
104.69
9.54
17.03
124.21
250.05
323.20
342.80
312.28
226.84
95.19
6.61
21.59
134.10
257.19
326.29
342.29
308.09
218.54
85.94
4.23
26.71
144.00
264.04
329.11
341.54
303.61
209.96
77.00
2.37
32.37
153.86
270.59
331.66
340.53
298.84
201.13
68.42
1.05
38.57
163.64
276.83
333.96
339.27
293.78
192.06
60.25
0.26
45.29
173.29
282.78
335.99
337.76
288.43
182.77
52.53
0.00
52.53
182.77
288.43
337.76
335.99
282.78
173.29
45.29
0.26
60.25
192.06
293.78
339.27
333.96
276.83
163.64
38.57
1.05
68.42
201.13
298.84
340.53
331.66
270.59
153.86
32.37
2.37
77.00
209.96
303.61
341.54
329.11
264.04
144.00
26.71
4.23
85.94
218.54
308.09
342.29
326.29
257.19
134.10
21.59
6.61
95.19
226.84
312.28
342.80
323.20
250.05
124.21
17.03
9.54
104.69
234.87
316.20
343.05
319.83
242.60
114.38
13.01
13.01
114.38
242.60
319.83
343.05
316.20
234.87
104.69
9.54
17.03
124.21
250.05
323.20
342.80
312.28
226.84
95.19
6.61
21.59
134.10
257.19
326.29
342.29
308.09
218.54
85.94
4.23
26.71
144.00
264.04
329.11
341.54
303.61
209.96
77.00
2.37
32.37
153.86
270.59
331.66
340.53
298.84
201.13
68.42
1.05
38.57
163.64
276.83
333.96
339.27
293.78
192.06
60.25
0.26
45.29
173.29
282.78
335.99
337.76
288.43
182.77
52.53
0.00
52.53
182.77
288.43
337.76
335.99
282.78
173.29
45.29
0.26
60.25
192.06
293.78
339.27
333.96
276.83
163.64
38.57
1.05
68.42
201.13
298.84
340.53
331.66
270.59
153.86
32.37
2.37
77.00
209.96
303.61
341.54
329.11
264.04
144.00
26.71
4.23
85.94
218.54
308.09
342.29
326.29
257.19
134.10
21.59
6.61
95.19
226.84
312.28
342.80
323.20
250.05
124.21
17.03
9.54
104.69
234.87
316.20
343.05
319.83
242.60
114.38
13.01
13.01
114.38
242.60
319.83
343.05
316.20
234.87
104.69
9.54
17.03
124.21
250.05
323.20
342.80
312.28
226.84
95.19
6.61
21.59
134.10
257.19
326.29
342.29
308.09
218.54
85.94
4.23
26.71
144.00
264.04
329.11
341.54
303.61
209.96
77.00
2.37
32.37
153.86
270.59
331.66
340.53
298.84
201.13
68.42
1.05
38.57
163.64
276.83
333.96
339.27
293.78
192.06
60.25
0.26
45.29
173.29
282.78
335.99
337.76
288.43
182.77
52.53
0.00
52.53
182.77
288.43
337.76
335.99
282.78
173.29
45.29
0.26
60.25
192.06
293.78
339.27
333.96
276.83
163.64
38.57
1.05
68.42
201.13
298.84
340.53
331.66
270.59
153.86
32.37
2.37
77.00
209.96
303.61
341.54
329.11
264.04
144.00
26.71
4.23
85.94
218.54
308.09
342.29
326.29
257.19
134.10
21.59
6.61
95.19
226.84
312.28
342.80
323.20
250.05
124.21
17.03
9.54
104.69
234.87
316.20
343.05
319.83
242.60
114.38
13.01
13.01
114.38
242.60
319.83
343.05
316.20
234.87
104.69
9.54
17.03
124.21
250.05
323.20
342.80
312.28
226.84
95.19
6.61
21.59
134.10
257.19
326.29
342.29
308.09
218.54
85.94
4.23
26.71
144.00
264.04
329.11
341.54
303.61
209.96
77.00
2.37
32.37
153.86
270.59
331.66
340.53
298.84
201.13
68.42
1.05
38.57
163.64
276.83
333.96
339.27
293.78
192.06
60.25
0.26
45.29
173.29
282.78
335.99
337.76
288.43
182.77
52.53
0.00
52.53
182.77
288.43
337.76
335.99
282.78
173.29
45.29
0.26
60.25
192.06
293.78
339.27
333.96
276.83
163.64
38.57
1.05
68.42
201.13
298.84
340.53
331.66
270.59
153.86
32.37
2.37
77.00
209.96
303.61
341.54
329.11
264.04
144.00
26.71
4.23
85.94
218.54
308.09
342.29
326.29
257.19
134.10
21.59
6.61
95.19
226.84
312.28
342.80
323.20
250.05
124.21
17.03
9.54
104.69
234.87
316.20
343.05
319.83
242.60
114.38
13.01
13.01
114.38
242.60
319.83
343.05
316.20
234.87
104.69
9.54
17.03
124.21
250.05
323.20
342.80
312.28
226.84
95.19
6.61
21.59
134.10
257.19
326.29
342.29
308.09
218.54
85.94
4.23
26.71
144.00
264.04
329.11
341.54
303.61
209.96
77.00
2.37
32.37
153.86
270.59
331.66
340.53
298.84
201.13
68.42
1.05
38.57
163.64
276.83
333.96
339.27
293.78
192.06
60.25
0.26
45.29
173.29
282.78
335.99
337.76
288.43
182.77
52.53
0.00
52.53
182.77
288.43
337.76
335.99
282.78
173.29
45.29
0.26
60.25
192.06
293.78
339.27
333.96
276.83
163.64
38.57
1.05
68.42
201.13
298.84
340.53
331.66
270.59
153.86
32.37
2.37
77.00
209.96
303.61
341.54
329.11
264.04
144.00
26.71
4.23
85.94
218.54
308.09
342.29
326.29
257.19
134.10
21.59
6.61
95.19
226.84
312.28
342.80
323.20
250.05
124.21
17.03
9.54
104.69
234.87
316.20
343.05
319.83
242.60
114.38
13.01
13.01
114.38
242.60
319.83
343.05
316.20
234.87
104.69
9.54
17.03
124.21
250.05
323.20
342.80
312.28
226.84
95.19
6.61
21.59
134.10
257.19
326.29
342.29
308.09
218.54
85.94
4.23