0,116
0,344
0,572
0,800
0,1036
0,1308
0,1580
0,1856
0,2132
0,2408
0,2680
0,2952
0,3232
0,3504
0,3776
0,4048
0,4328
0,4600
0,4872
0,5152
0,5424
0,5700
0,5972
0,6252
0,6524
0,6796
0,7072
0,7352
0,7624
0,7896
0,8172
0,8452
0,8724
0,8996
0,9276
0,9548
0,9824
0,10096
0,10420
0,10736
0,11052
0,11372
0,11688
0,12004
0,12328
0,12644
0,12960
0,13276
0,13600
0,13916
0,14232
0,14556
0,14872
0,15188
0,15512
0,15828
0,16144
0,16468
0,16784
0,17100
0,17424
0,17740
0,18056
0,18372
0,18696
0,19012
0,19332
0,19652
0,19968
0,20288
0,20608
0,20924
0,21240
0,21564
0,21880
0,22196
0,22516
0,22836
0,23152
0,23472
0,23792
0,24112
0,24428
0,24752
0,25068
0,25384
0,25708
0,26024
0,26340
0,26660
0,26980
0,27296
0,27612
0,27932
0,28252
0,28568
0,28892
0,29208
0,29524
0,29844
0,30164
0,30480
0,30804
0,31120
0,31436
0,31760
0,32076
0,32392
0,32708
0,33032
0,33348
0,33664
0,33988
0,34304
0,34624
0,34944
0,35264
0,35580
0,35904
0,36220
0,36536
0,36852
0,37176
0,37492
0,37812
0,38136
0,38452
0,38768
0,39092
0,39408
0,39724
0,40048
0,40364
0,40680
0,41004
0,41320
0,41636
0,41952
0,42276
0,42592
0,42908
0,43232
0,43548
0,43864
0,44188
0,44504
0,44820
0,45144
0,45460
0,45776
0,46100
0,46416
0,46732
0,47052
0,47372
0,47692
0,48008
0,48328
0,48648
0,48964
0,49284
0,49600
0,49920
0,50240
0,50560
0,50876
0,51192
0,51520
0,51836
0,52152
0,52476
0,52792
0,53108
0,53432
0,53752
0,54068
0,54392
0,54708
0,55028
0,55352
0,55668
0,55984
0,56304
0,56628
0,56944
0,57264
0,57584
0,57904
0,58220
0,58544
0,58864
0,59180
0,59504
0,59820
0,60140
0,60464
0,60780
0,61100
0,61416
0,61744
0,62060
0,62376
0,62700
0,63020
0,63336
0,63660
0,63980
0,64296
0,64620
0,64936
0,65252
0,65576
0,65896
0,66212
0,66528
0,66852
0,67168
0,67488
0,67812
0,68128
0,68444
0,68768
0,69084
0,69404
0,69728
0,70044
0,70360
0,70684
0,71004
0,71320
0,71640
0,71964
0,72280
0,72600
0,72920
0,73240
0,73556
0,73880
0,74200
0,74516
0,74840
0,75156
0,75476
0,75800
0,76120
0,76436
0,76756
0,77080
0,77396
0,77716
0,78040
0,78356
0,78676
0,79000
0,79316
0,79636
0,79960
0,80276
0,80596
0,80920
0,81236
0,81552
0,81872
0,82196
0,82512
0,82828
0,83152
0,83468
0,83788
0,84108
0,84428
0,84744
0,85068
0,85384
0,85700
0,86024
0,86340
0,86660
0,86976
0,87300
0,87616
0,87936
0,88256
0,88576
0,88892
0,89216
0,89532
0,89852
0,90176
0,90492
0,90808
0,91124
0,91448
0,91768
0,92084
0,92408
0,92724
0,93044
0,93368
0,93684
0,94000
0,94324
0,94644
0,94960
0,95284
0,95600
0,95920
0,96236
0,96560
0,96880
0,97196
0,97520
0,97836
0,98156
0,98480
0,98796
0,99112
0,99436
0,99756
0,100076
0,100440
0,100800
0,101160
0,101528
0,101888
0,102252
0,102620
0,102976
0,103336
0,103704
0,104064
0,104424
0,104788
0,105148
0,105516
0,105876
0,106236
0,106604
0,106964
0,107324
0,107688
0,108048
0,108408
0,108776
0,109136
0,109496
0,109864
0,110224
0,110584
0,110952
0,111312
0,111680
0,112040
0,112400
0,112768
0,113128
0,113488
0,113852
0,114216
0,114576
0,114944
0,115304
0,115664
0,116032
0,116392
0,116756
0,117120
0,117480
0,117848
0,118208
0,118568
0,118932
0,119296
0,119656
0,120024
0,120384
0,120744
0,121112
0,121472
0,121836
0,122200
0,122564
0,122928
0,123288
0,123648
0,124016
0,124376
0,124736
0,125104
0,125464
0,125824
0,126192
0,126552
0,126916
0,127280
0,127644
0,128012
0,128368
0,128728
0,129092
0,129452
0,129812
0,130180
0,130540
0,130900
0,131268
0,131628
0,131988
0,132356
0,132716
0,133076
0,133444
0,133804
0,134168
0,134528
0,134888
0,135256
0,135616
0,135976
0,136344
0,136704
0,137064
0,137432
0,137792
0,138152
0,138520
0,138880
0,139240
0,139608
0,139968
0,140336
0,140696
0,141060
0,141424
0,141788
0,142148
0,142516
0,142876
0,143236
0,143604
0,143964
0,144328
0,144692
0,145052
0,145420
0,145780
0,146140
0,146508
0,146868
0,147228
0,147596
0,147956
0,148320
0,148684
0,149044
0,149408
0,149772
0,150136
0,150496
0,150864
0,151224
0,151592
0,151952
0,152316
0,152684
0,153044
0,153408
0,153776
0,154136
0,154496
0,154864
0,155224
0,155584
0,155952
0,156312
0,156680
0,157040
0,157404
0,157768
0,158132
0,158492
0,158860
0,159220
0,159580
0,159948
0,160312
0,160672
0,161040
0,161400
0,161760
0,162124
0,162488
0,162852
0,163212
0,163576
0,163940
0,164300
0,164660
0,165028
0,165388
0,165748
0,166112
0,166476
0,166832
0,167200
0,167560
0,167920
0,168288
0,168648
0,169012
0,169372
0,169732
0,170100
0,170460
0,170820
0,171184
0,171548
0,171908
0,172272
0,172636
0,172996
0,173364
0,173724
0,174092
0,174448
0,174808
0,175176
0,175536
0,175900
0,176264
0,176628
0,176988
0,177352
0,177716
0,178076
0,178444
0,178804
0,179164
0,179532
0,179892
0,180260
0,180620
0,180980
0,181344
0,181708
0,182068
0,182436
0,182796
0,183156
0,183524
0,183884
0,184244
0,184612
0,184972
0,185332
0,185700
0,186060
0,186428
0,186788
0,187148
0,187516
0,187876
0,188240
0,188604
0,188968
0,189328
0,189696
0,190056
0,190416
0,190784
0,191144
0,191512
0,191876
0,192236
0,192604
0,192964
0,193324
0,193692
0,194052
0,194412
0,194780
0,195140
0,195500
0,195868
0,196228
0,196588
0,196956
0,197320
0,197684
0,198044
0,198408
0,198772
0,199136
0,199496
0,199864
0,200224
0,200584
0,200952
0,201316
0,201676
0,202044
0,202404
0,202772
0,203132
0,203492
0,203860
0,204224
0,204584
0,204952
0,205312
0,205672
0,206036
0,206400
0,206756
0,207124
0,207484
0,207844
0,208212
0,208572
0,208936
0,209296
0,209656
0,210024
0,210384
0,210744
0,211112
0,211472
0,211832
0,212200
0,212560
0,212920
0,213288
0,213648
0,214008
0,214376
0,214736
0,215104
0,215464
0,215824
0,216192
0,216552
0,216912
0,217280
0,217640
0,218000
0,218368
0,218728
0,219088
0,219456
0,219816
0,220184
0,220544
0,220908
0,221272
0,221632
0,221996
0,222364
0,222724
0,223084
0,223452
0,223812
0,224176
0,224544
0,224904
0,225264
0,225632
0,225992
0,226360
0,226720
0,227080
0,227448
0,227808
0,228168
0,228536
0,228896
0,229256
0,229624
0,229984
0,230348
0,230716
0,231076
0,231444
0,231804
0,232164
0,232532
0,232892
0,233256
0,233620
0,233984
0,234344
0,234712
0,235072
0,235436
0,235804
0,236164
0,236524
0,236892
0,237252
0,237620
0,237980
0,238344
0,238712
0,239072
0,239436
0,239804
0,240164
0,240524
0,240892
0,241252
0,241616
0,241980
0,242344
0,242708
0,243072
0,243432
0,243800
0,244160
0,244524
0,244888
0,245252
0,245612
0,245980
0,246340
0,246700
0,247068
0,247428
0,247788
0,248156
0,248516
0,248884
0,249244
0,249608
0,249972
0,250332
0,250696
0,251064
0,251424
0,251784
0,252152
0,252516
0,252876
0,253244
0,253604
0,253972
0,254332
0,254696
0,255064
0,255424
0,255788
0,256156
0,256516
0,256876
0,257240
0,257600
0,257960
0,258328
0,258688
0,259048
0,259412
0,259772
0,260140
0,260500
0,260860
0,261228
0,261588
0,261948
0,262316
0,262676
0,263036
0,263404
0,263764
0,264128
0,264492
0,264852
0,265212
0,265580
0,265944
0,266308
0,266668
0,267032
0,267396
0,267760
0,268120
0,268484
0,268848
0,269208
0,269572
0,269932
0,270296
0,270660
0,271024
0,271392
0,271752
0,272112
0,272480
0,272840
0,273200
0,273568
0,273928
0,274288
0,274656
0,275016
0,275380
0,275744
0,276108
0,276468
0,276836
0,277196
0,277564
0,277924
0,278288
0,278656
0,279016
0,279376
0,279744
0,280108
0,280468
0,280836
0,281196
0,281560
0,281928
0,282288
0,282652
0,283016
0,283376
0,283744
0,284104
0,284464
0,284832
0,285196
0,285556
0,285924
0,286284
0,286648
0,287016
0,287376
0,287736
0,288104
0,288464
0,288832
0,289192
0,289552
0,289920
0,290280
0,290640
0,291008
0,291368
0,291728
0,292096
0,292460
0,292820
0,293188
0,293548
0,293916
0,294276
0,294640
0,295008
0,295368
0,295728
0,296096
0,296456
0,296820
0,297184
0,297548
0,297908
0,298276
0,298636
0,299000
0,299368
0,299728
0,300096
0,300456
0,300820
0,301188
0,301548
0,301912
0,302280
0,302640
0,303004
0,303372
0,303732
0,304096
0,304464
0,304824
0,305192
0,305552
0,305916
0,306284
0,306648
0,307008
0,307380
0,307740
0,308100
0,308468
0,308828
0,309188
0,309556
0,309916
0,310284
0,310648
0,311008
0,311376
0,311740
0,312100
0,312468
0,312828
0,313192
0,313560
0,313920
0,314284
0,314652
0,315012
0,315372
0,315740
0,316104
0,316472
0,316836
0,317196
0,317564
0,317928
0,318288
0,318656
0,319020
0,319380
0,319752
0,320112
0,320472
0,320840
0,321200
0,321568
0,321928
0,322288
0,322656
0,323016
0,323376
0,323744
0,324104
0,324468
0,324832
0,325196
0,325556
0,325924
0,326284
0,326648
0,327012
0,327376
0,327744
0,328104
0,328464
0,328828
0,329188
0,329548
0,329916
0,330276
0,330636
0,331004
0,331364
0,331728
0,332092
0,332456
0,332820
0,333180
0,333540
0,333908
0,334268
0,334628
0,334996
0,335356
0,335720
0,336084
0,336444
0,336808
0,337172
0,337532
0,337896
0,338260
0,338624
0,338988
0,339348
0,339712
0,340076
0,340440
0,340800
0,341164
0,341524
0,341888
0,342252
0,342616
0,342976
0,343344
0,343704
0,344072
0,344432
0,344796
0,345160
0,345524
0,345884
0,346252
0,346612
0,346972
0,347340
0,347704
0,348064
0,348432
0,348792
0,349156
0,349520
0,349884
0,350248
0,350612
0,350972
0,351340
0,351700
0,352064
0,352432
0,352792
0,353152
0,353520
0,353880
0,354244
0,354608
0,354972
0,355340
0,355700
0,356060
0,356428
0,356788
0,357152
0,357520
0,357880
0,358244
0,358612
0,358972
0,359332
0,359700
0,360060
0,360420
0,360788
0,361148
0,361516
0,361880
0,362240
0,362604
0,362968
0,363328
0,363696
0,364056
0,364416
0,364784
0,365148
0,365508
0,365876
0,366236
0,366604
0,366964
0,367328
0,367696
0,368056
0,368420
0,368784
0,369148
0,369508
0,369876
0,370236
0,370596
0,370964
0,371328
0,371688
0,372052
0,372416
0,372784
0,373144
0,373504
0,373872
0,374236
0,374596
0,374964
0,375324
0,375688
0,376052
0,376416
0,376776
0,377144
0,377508
0,377876
0,378236
0,378600
0,378968
0,379328
0,379688
0,380056
0,380416
0,380780
0,381148
0,381508
0,381872
0,382240
0,382600
0,382964
0,383332
0,383696
0,384064
0,384424
0,384784
0,385152
0,385512
0,385872
0,386240
0,386600
0,386964
0,387328
0,387692
0,388052
0,388420
0,388780
0,389148
0,389508
0,389872
0,390240
0,390600
0,390960
0,391328
0,391688
0,392052
0,392416
0,392780
0,393140
0,393508
0,393872
0,394232
0,394600
0,394960
0,395328
0,395692
0,396052
0,396420
0,396784
0,397144
0,397512
0,397876
0,398236
0,398604
0,398968
0,399328
0,399700
0,400060
0,400428
0,400788
0,401148
0,401516
0,401876
0,402240
0,402608
0,402968
0,403328
0,403696
0,404056
0,404420
0,404788
0,405148
0,405516
0,405876
0,406240
0,406608
0,406968
0,407332
0,407700
0,408060
0,408420
0,408788
0,409152
0,409512
0,409884
0,410244
0,410600
0,410968
0,411328
0,411696
0,412056
0,412416
0,412780
0,413144
0,413504
0,413872
0,414232
0,414592
0,414960
0,415320
0,415680
0,416048
0,416408
0,416772
0,417132
0,417496
0,417860
0,418220
0,418584
0,418948
0,419308
0,419672
0,420040
0,420400
0,420760
0,421124
0,421484
0,421848
0,422212
0,422576
0,422940
0,423300
0,423664
0,424032
0,424392
0,424752
0,425120
0,425480
0,425840
0,426208
0,426568
0,426928
0,427296
0,427656
0,428016
0,428384
0,428748
0,429116
0,429476
0,429836
0,430204
0,430564
0,430928
0,431292
0,431656
0,432016
0,432384
0,432744
0,433104
0,433472
0,433836
0,434200
0,434564
0,434924
0,435292
0,435652
0,436012
0,436380
0,436740
0,437104
0,437472
0,437832
0,438192
0,438560
0,438920
0,439284
0,439652
0,440012
0,440380
0,440740
0,441100
0,441468
0,441832
0,442192
0,442560
0,442920
0,443280
0,443648
0,444008
0,444372
0,444740
0,445100
0,445468
0,445828
0,446192
0,446560
0,446920
0,447280
0,447648
0,448012
0,448372
0,448740
0,449100
0,449460
0,449828
0,450188
0,450552
0,450920
0,451280
0,451648
0,452008
0,452368
0,452736
0,453096
0,453460
0,453824
0,454188
0,454548
0,454916
0,455276
0,455640
0,456008
0,456368
0,456736
0,457096
0,457456
0,457824
0,458188
0,458548
0,458916
0,459276
0,459640
0,460008
0,460368
0,460732
0,461100
0,461460
0,461820
0,462188
0,462548
0,462916
0,463280
0,463640
0,464008
0,464368
0,464728
0,465096
0,465456
0,465820
0,466188
0,466548
0,466908
0,467276
0,467636
0,468004
0,468368
0,468728
0,469096
0,469456
0,469820
0,470188
0,470548
0,470912
0,471280
0,471640
0,472004
0,472368
0,472732
0,473100
0,473460
0,473824
0,474192
0,474552
0,474916
0,475284
0,475644
0,476004
0,476372
0,476736
0,477096
0,477464
0,477828
0,478188
0,478556
0,478920
0,479288
0,479652
0,480012
0,480380
0,480740
0,481104
0,481472
0,481832
0,482192
0,482560
0,482920
0,483280
0,483648
0,484012
0,484376
0,484740
0,485100
0,485468
0,485832
0,486192
0,486560
0,486924
0,487284
0,487652
0,488012
0,488372
0,488740
0,489100
0,489464
0,489832
0,490192
0,490560
0,490924
0,491284
0,491652
0,492012
0,492376
0,492740
0,493104
0,493464
0,493832
0,494192
0,494556
0,494920
0,495284
0,495652
0,496012
0,496372
0,496740
0,497100
0,497464
0,497832
0,498192
0,498552
0,498920
0,499284
0,499644
0,500012
0,500372
0,500732
0,501100
0,501464
0,501832
0,502192
0,502556
0,502924
0,503284
0,503648
0,504016
0,504376
0,504736
0,505104
0,505468
0,505828
0,506196
0,506560
0,506928
0,507288
0,507652
0,508020
0,508380
0,508744
0,509112
0,509472
0,509836
0,510204
0,510568
0,510928
0,511300
0,511660
0,512032
0,512392
0,512752
0,513116
0,513476
0,513840
0,514204
0,514564
0,514924
0,515292
0,515652
0,516012
0,516380
0,516740
0,517100
0,517468
0,517832
0,518196
0,518560
0,518920
0,519288
0,519648
0,520008
0,520376
0,520736
0,521096
0,521464
0,521824
0,522188
0,522552
0,522916
0,523284
0,523644
0,524004
0,524372
0,524732
0,525092
0,525460
0,525820
0,526184
0,526548
0,526912
0,527272
0,527640
0,528000
0,528360
0,528728
0,529088
0,529456
0,529816
0,530180
0,530548
0,530908
0,531272
0,531636
0,532000
0,532360
0,532728
0,533088
0,533452
0,533816
0,534180
0,534548
0,534908
0,535268
0,535636
0,536000
0,536360
0,536728
0,537088
0,537448
0,537816
0,538176
0,538540
0,538908
0,539268
0,539628
0,539996
0,540356
0,540724
0,541088
0,541448
0,541816
0,542176
0,542540
0,542908
0,543268
0,543632
0,544000
0,544360
0,544720
0,545088
0,545448
0,545816
0,546176
0,546536
0,546904
0,547268
0,547628
0,547996
0,548356
0,548720
0,549088
0,549448
0,549812
0,550180
0,550540
0,550904
0,551268
0,551632
0,552000
0,552360
0,552724
0,553092
0,553452
0,553816
0,554180
0,554544
0,554904
0,555272
0,555636
0,555996
0,556364
0,556728
0,557096
0,557460
0,557820
0,558188
0,558552
0,558912
0,559280
0,559644
0,560004
0,560372
0,560736
0,561096
0,561464
0,561824
0,562192
0,562556
0,562920
0,563288
0,563648
0,564008
0,564376
0,564736
0,565096
0,565464
0,565828
0,566188
0,566556
0,566916
0,567280
0,567648
0,568008
0,568376
0,568736
0,569100
0,569468
0,569828
0,570192
0,570560
0,570920
0,571284
0,571648
0,572012
0,572372
0,572744
0,573104
0,573476
0,573836
0,574196
0,574564
0,574928
0,575288
0,575656
0,576020
0,576380
0,576744
0,577108
0,577468
0,577836
0,578196
0,578556
0,578928
0,579288
0,579656
0,580016
0,580376
0,580744
0,581104
0,581468
0,581836
0,582196
0,582560
0,582928
0,583288
0,583652
0,584020
0,584380
0,584748
0,585108
0,585472
0,585840
0,586200
0,586564
0,586928
0,587292
0,587652
0,588020
0,588384
0,588744
0,589116
0,589476
0,589844
0,590204
0,590568
0,590936
0,591296
0,591660
0,592028
0,592388
0,592752
0,593120
0,593480
0,593844
0,594212
0,594572
0,594936
0,595304
0,595664
0,596032
0,596392
0,596756
0,597124
0,597488
0,597848
0,598216
0,598580
0,598940
0,599308
0,599672
0,600036
0,600404
0,600764
0,601132
0,601496
0,601856
0,602224
0,602588
0,602948
0,603316
0,603680
0,604040
0,604412
0,604772
0,605136
0,605504
0,605864
0,606232
0,606596
0,606960
0,607328
0,607688
0,608052
0,608420
0,608780
0,609144
0,609512
0,609876
0,610236
0,610604
0,610968
0,611336
0,611700
0,612060
0,612428
0,612792
0,613156
0,613524
0,613888
0,614252
0,614620
0,614980
0,615340
0,615708
0,616072
0,616432
0,616800
0,617160
0,617528
0,617892
0,618252
0,618620
0,618980
0,619344
0,619712
0,620072
0,620436
0,620804
0,621164
0,621524
0,621892
0,622256
0,622624
0,622984
0,623348
0,623716
0,624080
0,624440
0,624808
0,625168
0,625532
0,625900
0,626260
0,626624
0,626992
0,627356
0,627724
0,628084
0,628444
0,628812
0,629176
0,629536
0,629904
0,630268
0,630632
0,631000
0,631360
0,631724
0,632092
0,632456
0,632816
0,633184
0,633548
0,633916
0,634280
0,634644
0,635012
0,635376
0,635736
0,636104
0,636468
0,636832
0,637200
0,637560
0,637924
0,638292
0,638656
0,639024
0,639388
0,639752
0,640120
0,640480
0,640840
0,641208
0,641568
0,641928
0,642296
0,642656
0,643016
0,643384
0,643744
0,644112
0,644476
0,644836
0,645204
0,645564
0,645924
0,646292
0,646652
0,647016
0,647384
0,647744
0,648104
0,648472
0,648832
0,649196
0,649564
0,649924
0,650292
0,650652
0,651016
0,651384
0,651744
0,652108
0,652476
0,652836
0,653200
0,653564
0,653928
0,654288
0,654656
0,655020
0,655388
0,655748
0,656108
0,656476
0,656836
0,657196
0,657564
0,657924
0,658284
0,658652
0,659012
0,659372
0,659740
0,660100
0,660460
0,660828
0,661188
0,661556
0,661916
0,662280
0,662648
0,663008
0,663368
0,663736
0,664096
0,664460
0,664824
0,665188
0,665548
0,665916
0,666276
0,666644
0,667004
0,667364
0,667732
0,668092
0,668452
0,668820
0,669180
0,669544
0,669908
0,670272
0,670632
0,671000
0,671360
0,671724
0,672092
0,672452
0,672816
0,673180
0,673540
0,673908
0,674268
0,674628
0,674996
0,675360
0,675720
0,676088
0,676448
0,676808
0,677176
0,677536
0,677904
0,678264
0,678628
0,678992
0,679356
0,679716
0,680084
0,680444
0,680804
0,681172
0,681532
0,681896
0,682260
0,682624
0,682984
0,683352
0,683712
0,684080
0,684440
0,684804
0,685168
0,685532
0,685892
0,686260
0,686620
0,686984
0,687352
0,687712
0,688076
0,688440
0,688804
0,689168
0,689532
0,689892
0,690260
0,690624
0,690984
0,691352
0,691712
0,692076
0,692444
0,692804
0,693164
0,693532
0,693896
0,694256
0,694624
0,694984
0,695352
0,695716
0,696080
0,696444
0,696808
0,697168
0,697536
0,697896
0,698256
0,698624
0,698988
0,699348
0,699716
0,700076
0,700444
0,700808
0,701168
0,701536
0,701900
0,702260
0,702628
0,702992
0,703352
0,703724
0,704084
0,704444
0,704812
0,705172
0,705540
0,705904
0,706264
0,706632
0,706996
0,707356
0,707724
0,708084
0,708448
0,708816
0,709176
0,709536
0,709904
0,710268
0,710628
0,710996
0,711360
0,711728
0,712092
0,712452
0,712820
0,713180
0,713544
0,713912
0,714276
0,714636
0,715008
0,715368
0,715732
0,716100
0,716464
0,716832
0,717192
0,717552
0,717920
0,718284
0,718644
0,719012
0,719376
0,719736
0,720104
0,720464
0,720824
0,721192
0,721556
0,721916
0,722284
0,722644
0,723012
0,723376
0,723736
0,724104
0,724464
0,724828
0,725196
0,725556
0,725920
0,726288
0,726648
0,727008
0,727380
0,727740
0,728108
0,728468
0,728832
0,729200
0,729560
0,729924
0,730292
0,730652
0,731012
0,731380
0,731744
0,732108
0,732476
0,732836
0,733204
0,733568
0,733928
0,734296
0,734660
0,735024
0,735392
0,735752
0,736116
0,736484
0,736848
0,737208
0,737576
0,737936
0,738300
0,738668
0,739028
0,739396
0,739756
0,740120
0,740488
0,740848
0,741208
0,741576
0,741940
0,742300
0,742672
0,743032
0,743396
0,743760
0,744124
0,744492
0,744852
0,745212
0,745580
0,745944
0,746304
0,746672
0,747036
0,747400
0,747768
0,748128
0,748488
0,748856
0,749220
0,749588
0,749948
0,750312
0,750680
0,751040
0,751404
0,751772
0,752136
0,752496
0,752864
0,753228
0,753588
0,753956
0,754320
0,754684
0,755052
0,755412
0,755784
0,756144
0,756508
0,756876
0,757236
0,757600
0,757968
0,758332
0,758692
0,759060
0,759424
0,759784
0,760156
0,760516
0,760884
0,761248
0,761608
0,761976
0,762340
0,762700
0,763072
0,763432
0,763796
0,764164
0,764524
0,764888
0,765256
0,765620
0,765988
0,766352
0,766712
0,767084
0,767448
0,767808
0,768180
0,768540
0,768900
0,769268
0,769628
0,769988
0,770356
0,770720
0,771088
0,771448
0,771808
0,772176
0,772540
0,772900
0,773268
0,773632
0,773992
0,774360
0,774724
0,775084
0,775452
0,775816
0,776176
0,776544
0,776908
0,777276
0,777636
0,778000
0,778368
0,778728
0,779092
0,779460
0,779820
0,780184
0,780552
0,780912
0,781276
0,781644
0,782004
0,782372
0,782736
0,783096
0,783464
0,783828
0,784188
0,784556
0,784920
0,785280
0,785648
0,786008
0,786372
0,786740
0,787100
0,787472
0,787832
0,788196
0,788564
0,788924
0,789288
0,789656
0,790016
0,790380
0,790748
0,791112
0,791472
0,791844
0,792204
0,792568
0,792936
0,793300
0,793668
0,794028
0,794392
0,794760
0,795124
0,795484
0,795856
0,796216
0,796580
0,796948
0,797308
0,797672
0,798040
0,798404
0,798772
0,799136
0,799500
0,799868
0,800232
0,800592
0,800960
0,801320
0,801680
0,802048
0,802408
0,802768
0,803136
0,803500
0,803868
0,804228
0,804588
0,804956
0,805320
0,805680
0,806048
0,806412
0,806772
0,807140
0,807500
0,807864
0,808232
0,808592
0,808956
0,809324
0,809684
0,810052
0,810412
0,810776
0,811144
0,811504
0,811868
0,812236
0,812600
0,812960
0,813328
0,813692
0,814052
0,814424
0,814784
0,815152
0,815516
0,815876
0,816248
0,816608
0,816972
0,817340
0,817700
0,818064
0,818432
0,818796
0,819160
0,819528
0,819888
0,820252
0,820612
0,820976
0,821340
0,821700
0,822064
0,822428
0,822788
0,823148
0,823516
0,823880
0,824240
0,824608
0,824968
0,825328
0,825692
0,826052
0,826420
0,826780
0,827144
0,827508
0,827872
0,828232
0,828600
0,828960
0,829320
0,829688
0,830048
0,830412
0,830780
0,831140
0,831508
0,831868
0,832232
0,832596
0,832960
0,833320
0,833684
0,834044
0,834408
0,834772
0,835136
0,835496
0,835864
0,836224
0,836584
0,836952
0,837312
0,837680
0,838040
0,838404
0,838768
0,839132
0,839492
0,839860
0,840220
0,840580
0,840948
0,841308
0,841672
0,842036
0,842400
0,842764
0,843124
0,843488
0,843856
0,844216
0,844576
0,844944
0,845304
0,845668
0,846032
0,846396
0,846756
0,847124
0,847484
0,847844
0,848212
0,848572
0,848940
0,849304
0,849664
0,850032
0,850392
0,850752
0,851120
0,851484
0,851844
0,852212
0,852572
0,852932
0,853300
0,853660
0,854028
0,854392
0,854752
0,855120
0,855484
0,855844
0,856212
0,856576
0,856936
0,857304
0,857668
0,858028
0,858396
0,858756
0,859120
0,859488
0,859848
0,860216
0,860576
0,860940
0,861308
0,861668
0,862028
0,862396
0,862760
0,863120
0,863488
0,863852
0,864212
0,864580
0,864940
0,865308
0,865668
0,866028
0,866396
0,866760
0,867120
0,867488
0,867852
0,868212
0,868580
0,868940
0,869304
0,869672
0,870032
0,870396
0,870764
0,871124
0,871492
0,871856
0,872216
0,872584
0,872944
0,873308
0,873676
0,874036
0,874396
0,874764
0,875128
0,875488
0,875860
0,876220
0,876588
0,876948
0,877312
0,877680
0,878040
0,878404
0,878772
0,879132
0,879496
0,879864
0,880228
0,880588
0,880956
0,881316
0,881684
0,882044
0,882408
0,882772
0,883136
0,883496
0,883864
0,884228
0,884588
0,884956
0,885316
0,885680
0,886048
0,886408
0,886768
0,887136
0,887496
0,887864
0,888228
0,888588
0,888956
0,889320
0,889680
0,890048
0,890412
0,890772
0,891140
0,891504
0,891864
0,892232
0,892596
0,892964
0,893328
0,893688
0,894056
0,894420
0,894780
0,895148
0,895512
0,895876
0,896244
0,896604
0,896968
0,897332
0,897696
0,898064
0,898424
0,898784
0,899152
0,899516
0,899876
0,900244
0,900608
0,900968
0,901336
0,901700
0,902060
0,902428
0,902788
0,903148
0,903516
0,903880
0,904248
0,904608
0,904968
0,905336
0,905700
0,906060
0,906428
0,906788
0,907152
0,907520
0,907880
0,908244
0,908612
0,908972
0,909340
0,909700
0,910064
0,910432
0,910792
0,911156
0,911524
0,911888
0,912248
0,912616
0,912980
0,913340
0,913708
0,914072
0,914440
0,914800
0,915164
0,915532
0,915892
0,916256
0,916624
0,916988
0,917348
0,917716
0,918080
0,918440
0,918808
0,919172
0,919536
0,919904
0,920268
0,920636
0,920996
0,921360
0,921728
0,922088
0,922452
0,922816
0,923180
0,923540
0,923908
0,924272
0,924632
0,925000
0,925360
0,925728
0,926092
0,926452
0,926820
0,927184
0,927544
0,927912
0,928276
0,928636
0,929004
0,929368
0,929728
0,930096
0,930456
0,930824
0,931188
0,931552
0,931920
0,932280
0,932644
0,933012
0,933372
0,933736
0,934104
0,934464
0,934828
0,935196
0,935556
0,935920
0,936288
0,936652
0,937020
0,937380
0,937744
0,938112
0,938472
0,938836
0,939204
0,939568
0,939928
0,940296
0,940660
0,941024
0,941392
0,941752
0,942124
0,942484
0,942848
0,943216
0,943576
0,943940
0,944308
0,944672
0,945032
0,945400
0,945764
0,946124
0,946492
0,946856
0,947224
0,947584
0,947948
0,948316
0,948676
0,949040
0,949408
0,949772
0,950132
4,965488
4,965856
4,966216
4,966580
8,974192
8,974552
8,974920
12,980664
12,981072
12,981496
16,985832
16,986240
20,990300
20,990708
24,994284
24,994712
28,997892
28,998316
32,1001264
32,1001736
36,1004368
36,1004840
40,1007288
44,1010012
48,1012608
52,1015076
56,1017452
60,1019764
64,1021980
68,1024116
72,1026176
76,1028172
80,1030108
84,1032016
88,1033864
92,1035692
96,1037436
100,1039188
104,1040872
108,1042524
112,1044124
116,1045688
120,1047240
124,1048764
128,1050256
132,1051736
136,1053172
140,1054596
144,1055996
148,1057380
152,1058732
156,1060068
160,1061392
164,1062720
168,1064008
172,1065280
176,1066532
180,1067772
184,1068996
188,1070208
192,1071400
196,1072576
200,1073732
204,1074876
208,1076016
212,1077132
216,1078244
220,1079364
224,1080456
228,1081536
232,1082608
236,1083668
240,1084712
244,1085752
248,1086788
252,1087800
256,1088812
260,1089812
264,1090812
268,1091792
272,1092784
276,1093760
280,1094728
284,1095692
288,1096632
292,1097568
296,1098508
300,1099428
304,1100348
308,1101260
312,1102164
316,1103064
320,1103964
324,1104860
328,1105724
332,1106596
336,1107464
340,1108324
344,1109180
348,1110036
352,1110876
356,1111724
360,1112568
364,1113404
368,1114240
372,1115056
376,1115876
380,1116688
384,1117500
388,1118308
392,1119100
396,1119904
400,1120692
404,1121496
408,1122264
412,1123044
416,1123816
420,1124596
424,1125368
428,1126132
432,1126892
436,1127648
440,1128400
444,1129156
448,1129904
452,1130660
456,1131392
460,1132136
464,1132868
468,1133604
472,1134328
476,1135048
480,1135780
484,1136496
488,1137212
492,1137932
496,1138632
500,1139340
504,1140048
508,1140760
512,1141456
516,1142152
520,1142856
524,1143540
528,1144232
532,1144924
536,1145604
540,1146284
544,1146972
548,1147640
552,1148312
556,1148988
560,1149652
564,1150324
568,1150992
572,1151652
576,1152308
580,1152968
584,1153624
588,1154276
592,1154932
596,1155576
600,1156224
604,1156856
608,1157500
612,1158132
616,1158768
620,1159408
624,1160036
628,1160668
632,1161304
636,1161924
640,1162540
644,1163160
648,1163780
652,1164400
656,1165004
660,1165620
664,1166232
668,1166840
672,1167456
676,1168056
680,1168664
684,1169268
688,1169868
692,1170468
696,1171060
700,1171652
704,1172244
708,1172832
712,1173416
716,1174004
720,1174592
724,1175176
728,1175748
732,1176324
736,1176900
740,1177476
744,1178048
748,1178620
752,1179188
756,1179768
760,1180332
764,1180900
768,1181464
772,1182028
776,1182592
780,1183152
784,1183712
788,1184276
792,1184836
796,1185392
800,1185956
804,1186512
808,1187072
812,1187648
820,1188664
824,1189224
828,1189780
832,1190344
840,1191368
844,1191924
848,1192488
856,1193520
860,1194084
864,1194640
872,1195652
876,1196212
884,1197244
888,1197800
896,1198812
900,1199376
908,1200380
912,1200936
920,1201932
924,1202512
932,1203476
936,1204048
944,1205012
952,1206032
960,1207044
968,1208056
976,1209064
984,1210072
992,1211072
1000,1212120
1008,1213104
1016,1214084
1024,1215068
1032,1216048
1040,1217016
1048,1217984
1056,1218928
1064,1219908
1072,1220864
1080,1221828
1088,1222776
1096,1223720
1104,1224652
1112,1225588
1120,1226516
1128,1227448
1136,1228368
1144,1229288
1152,1230208
1160,1231128
1168,1232048
1176,1232960
1184,1233856
1192,1234760
1200,1235660
1208,1236560
1216,1237452
1224,1238348
1232,1239244
1240,1240120
1248,1241000
1256,1241880
1264,1242760
1272,1243640
1280,1244512
1288,1245396
1296,1246264
1304,1247128
1312,1248000
1320,1248860
1328,1249720
1336,1250580
1344,1251440
1352,1252288
1360,1253140
1368,1253988
1376,1254836
1384,1255696
1392,1256548
1400,1257376
1408,1258208
1416,1259020
1424,1259852
1432,1260688
1440,1261504
1448,1262328
1456,1263148
1464,1263964
1472,1264788
1480,1265600
1488,1266428
1496,1267236
1504,1268040
1512,1268848
1520,1269640
1528,1270440
1536,1271236
1544,1272032
1552,1272800
1560,1273612
1568,1274404
1576,1275188
1584,1275976
1592,1276752
1600,1277528
1608,1278308
1616,1279088
1624,1279860
1632,1280628
1640,1281396
1648,1282172
1656,1282920
1664,1283704
1672,1284468
1680,1285240
1688,1286000
1696,1286760
1704,1287520
1712,1288288
1720,1289036
1728,1289792
1736,1290544
1744,1291304
1752,1292044
1760,1292792
1768,1293548
1776,1294288
1784,1295036
1792,1295776
1800,1296520
1808,1297248
1816,1297984
1824,1298716
1832,1299452
1840,1300180
1848,1300908
1856,1301640
1864,1302364
1872,1303088
1880,1303816
1888,1304536
1896,1305252
1904,1305968
1912,1306688
1920,1307396
1928,1308108
1936,1308824
1944,1309524
1952,1310232
1960,1310948
1968,1311648
1976,1312352
1984,1313052
1992,1313748
2000,1314448
2008,1315148
2016,1315852
2024,1316540
2032,1317236
2040,1317928
2048,1318616
2056,1319304
2064,1320000
2072,1320684
2080,1321368
2088,1322068
2096,1322744
2104,1323432
2112,1324128
2120,1324800
2128,1325484
2136,1326168
2144,1326844
2152,1327524
2160,1328208
2168,1328876
2176,1329556
2184,1330236
2192,1330908
2200,1331576
2208,1332248
2216,1332908
2224,1333580
2232,1334244
2240,1334912
2248,1335580
2256,1336244
2264,1336912
2272,1337584
2284,1338548
2292,1339212
2300,1339880
2312,1340832
2320,1341500
2332,1342456
2340,1343124
2352,1344072
2360,1344740
2372,1345692
2380,1346356
2392,1347292
2400,1347960
2412,1348892
2420,1349556
2432,1350492
2444,1351440
2456,1352396
2468,1353344
2480,1354296
2492,1355252
2504,1356192
2516,1357136
2528,1358084
2540,1359024
2552,1359964
2564,1360892
2576,1361828
2588,1362764
2600,1363692
2612,1364612
2624,1365540
2636,1366468
2648,1367384
2660,1368308
2672,1369224
2684,1370144
2696,1371052
2708,1371956
2720,1372860
2732,1373764
2744,1374668
2756,1375572
2768,1376476
2780,1377372
2792,1378260
2804,1379160
2816,1380048
2828,1380936
2840,1381824
2852,1382708
2864,1383600
2876,1384484
2888,1385364
2900,1386244
2912,1387128
2924,1388008
2936,1388884
2948,1389768
2960,1390644
2972,1391516
2984,1392388
2996,1393260
3008,1394128
3020,1394992
3032,1395864
3044,1396716
3056,1397576
3068,1398436
3080,1399296
3092,1400152
3104,1401012
3116,1401860
3128,1402704
3140,1403552
3152,1404396
3164,1405244
3176,1406096
3188,1406928
3200,1407768
3212,1408608
3224,1409444
3236,1410284
3248,1411120
3260,1411948
3272,1412780
3284,1413616
3296,1414448
3308,1415288
3320,1416112
3332,1416940
3344,1417768
3356,1418592
3368,1419428
3380,1420244
3392,1421072
3404,1421888
3416,1422704
3428,1423528
3440,1424340
3452,1425152
3464,1425964
3476,1426776
3488,1427596
3500,1428396
3512,1429204
3524,1430012
3536,1430808
3548,1431632
3560,1432412
3572,1433212
3584,1434008
3596,1434828
3608,1435596
3620,1436392
3632,1437184
3644,1437972
3656,1438788
3668,1439560
3680,1440348
3692,1441160
3704,1441952
3716,1442720
3728,1443508
3740,1444292
3752,1445100
3764,1445864
3776,1446648
3788,1447432
3800,1448224
3812,1449008
3824,1449780
3836,1450556
3848,1451328
3860,1452104
3872,1452872
3884,1453648
3896,1454420
3908,1455192
3920,1455948
3932,1456712
3944,1457476
3956,1458248
3968,1459004
3980,1459760
3992,1460520
4004,1461288
4016,1462032
4028,1462788
4040,1463548
4052,1464300
4064,1465052
4076,1465804
4088,1466568
4100,1467316
4112,1468068
4124,1468820
4136,1469576
4148,1470324
4160,1471072
4172,1471820
4184,1472592
4196,1473316
4208,1474056
4220,1474824
4232,1475544
4244,1476280
4256,1477016
4268,1477780
4280,1478500
4292,1479236
4304,1479968
4316,1480700
4328,1481436
4340,1482188
4352,1482920
4364,1483648
4376,1484384
4392,1485324
4404,1486076
4416,1486804
4432,1487740
4444,1488488
4460,1489440
4472,1490176
4488,1491132
4501,1491864
4516,1492812
4528,1493544
4544,1494492
4556,1495224
4572,1496176
4588,1497132
4604,1498080
4620,1499028
4636,1499980
4652,1500924
4668,1501868
4684,1502820
4700,1503760
4716,1504700
4732,1505636
4748,1506576
4764,1507516
4780,1508448
4796,1509384
4812,1510308
4828,1511236
4844,1512160
4860,1513092
4876,1514016
4892,1514948
4908,1515872
4924,1516804
4940,1517724
4956,1518648
4972,1519568
4988,1520488
5004,1521404
5020,1522324
5036,1523240
5052,1524152
5068,1525064
5084,1525984
5100,1526892
5116,1527792
5132,1528696
5148,1529596
5164,1530500
5180,1531404
5196,1532304
5212,1533208
5228,1534104
5244,1535000
5260,1535892
5276,1536788
5292,1537688
5308,1538580
5324,1539472
5340,1540372
5356,1541264
5372,1542156
5388,1543040
5404,1543928
5420,1544812
5436,1545700
5452,1546580
5468,1547464
5484,1548352
5500,1549224
5516,1550100
5532,1550972
5548,1551844
5564,1552720
5580,1553596
5596,1554468
5612,1555328
5628,1556200
5644,1557064
5660,1557936
5676,1558804
5692,1559676
5708,1560536
5724,1561400
5740,1562264
5756,1563128
5772,1563996
5788,1564860
5804,1565720
5820,1566572
5836,1567428
5852,1568284
5868,1569136
5884,1570000
5900,1570852
5916,1571696
5932,1572540
5948,1573388
5964,1574236
5980,1575088
5996,1575928
6012,1576768
6028,1577612
6044,1578448
6060,1579296
6076,1580136
6092,1580976
6108,1581812
6124,1582652
6140,1583492
6156,1584336
6172,1585192
6188,1586008
6204,1586840
6220,1587676
6236,1588512
6252,1589340
6268,1590168
6284,1591000
6300,1591844
6316,1592668
6332,1593496
6348,1594296
6364,1595136
6380,1595940
6396,1596780
6412,1597604
6428,1598404
6444,1599220
6460,1600040
6476,1600856
6492,1601704
6508,1602496
6524,1603312
6540,1604128
6556,1604944
6572,1605780
6588,1606592
6604,1607388
6620,1608196
6636,1609008
6652,1609836
6668,1610620
6684,1611448
6700,1612252
6716,1613064
6732,1613864
6748,1614656
6764,1615456
6780,1616256
6796,1617060
6812,1617852
6828,1618652
6844,1619452
6860,1620248
6876,1621048
6892,1621840
6908,1622640
6924,1623436
6940,1624252
6960,1625224
6976,1626020
6996,1627008
7013,1627824
7032,1628784
7052,1629768
7069,1630564
7088,1631544
7108,1632544
7128,1633504
7148,1634480
7168,1635476
7188,1636448
7208,1637408
7228,1638376
7248,1639348
7268,1640320
7288,1641292
7308,1642264
7328,1643236
7348,1644220
7368,1645176
7388,1646160
7408,1647124
7428,1648088
7448,1649052
7468,1649996
7488,1650980
7508,1651940
7528,1652892
7548,1653844
7568,1654796
7588,1655740
7608,1656692
7628,1657640
7648,1658572
7668,1659540
7688,1660472
7708,1661440
7728,1662388
7748,1663340
7768,1664292
7788,1665240
7808,1666184
7828,1667128
7848,1668060
7868,1669000
7888,1669944
7908,1670880
7928,1671812
7948,1672744
7968,1673680
7988,1674612
8008,1675548
8028,1676480
8048,1677408
8068,1678332
8088,1679264
8108,1680192
8128,1681124
8148,1682052
8168,1682980
8188,1683908
8208,1684832
8228,1685760
8248,1686680
8268,1687600
8288,1688516
8308,1689436
8328,1690348
8348,1691260
8368,1692176
8388,1693088
8408,1694004
8428,1694912
8448,1695820
8468,1696724
8488,1697636
8508,1698544
8528,1699456
8548,1700364
8568,1701272
8588,1702188
8608,1703096
8628,1704000
8648,1704896
8668,1705796
8688,1706700
8708,1707600
8728,1708496
8748,1709392
8768,1710296
8788,1711188
8808,1712076
8828,1712968
8848,1713864
8868,1714756
8888,1715648
8908,1716548
8928,1717440
8948,1718336
8968,1719216
8988,1720112
9008,1721000
9028,1721888
9048,1722772
9068,1723660
9088,1724548
9108,1725424
9128,1726304
9148,1727180
9168,1728064
9188,1728940
9208,1729824
9228,1730700
9248,1731572
9268,1732448
9288,1733324
9308,1734200
9328,1735076
9348,1735956
9368,1736832
9388,1737700
9408,1738572
9428,1739444
9448,1740312
9468,1741180
9488,1742056
9508,1742924
9528,1743780
9548,1744644
9568,1745508
9588,1746372
9608,1747232
9628,1748096
9648,1748952
9672,1749976
9692,1750844
9713,1751708
9736,1752732
9756,1753596
9780,1754628
9801,1755492
9824,1756516
9844,1757380
9868,1758404
9892,1759428
9916,1760452
9940,1761468
9964,1762488
9988,1763508
10012,1764600
10036,1765616
10060,1766632
10084,1767648
10108,1768668
10132,1769684
10156,1770700
10180,1771716
10204,1772728
10228,1773740
10252,1774748
10276,1775760
10300,1776764
10324,1777788
10348,1778772
10372,1779776
10396,1780780
10420,1781780
10444,1782768
10468,1783772
10492,1784776
10516,1785772
10540,1786772
10564,1787772
10588,1788772
10612,1789768
10636,1790764
10660,1791752
10684,1792764
10708,1793736
10732,1794724
10756,1795712
10780,1796696
10804,1797700
10828,1798664
10852,1799644
10876,1800628
10904,1801792
10928,1802760
10952,1803760
10976,1804744
11001,1805748
11024,1806712
11048,1807692
11072,1808668
11096,1809664
11120,1810620
11144,1811592
11168,1812568
11192,1813536
11216,1814500
11240,1815472
11264,1816424
11288,1817412
11312,1818388
11336,1819360
11360,1820328
11384,1821316
11408,1822288
11436,1823396
11464,1824520
11492,1825644
11520,1826764
11548,1827904
11576,1829028
11604,1830148
11632,1831260
11660,1832356
11688,1833472
11716,1834608
11744,1835724
11772,1836844
11800,1837960
11828,1839068
11856,1840184
11884,1841296
11912,1842400
11940,1843504
11968,1844612
11996,1845708
12024,1846808
12052,1847908
12080,1849008
12108,1850112
12136,1851216
12164,1852316
12192,1853416
12220,1854520
12248,1855616
12276,1856708
12304,1857804
12332,1858896
12360,1859984
12388,1861064
12416,1862148
12444,1863232
12472,1864320
12500,1865408
12528,1866492
12556,1867576
12584,1868664
12612,1869748
12640,1870828
12668,1871912
12696,1872996
12724,1874076
12752,1875144
12780,1876220
12808,1877292
12836,1878364
12864,1879440
12893,1880512
12920,1881584
12948,1882660
12976,1883732
13004,1884804
13032,1885880
13060,1886944
13088,1888016
13116,1889080
13144,1890144
13172,1891208
13200,1892268
13228,1893332
13256,1894392
13284,1895464
13312,1896528
13340,1897588
13368,1898652
13396,1899716
13424,1900772
13452,1901828
13480,1902884
13508,1903940
13536,1904992
13564,1906044
13592,1907092
13621,1908144
13648,1909188
13676,1910236
13704,1911292
13732,1912340
13760,1913392
13788,1914444
13816,1915492
13844,1916536
13872,1917580
13900,1918628
13928,1919664
13956,1920704
13984,1921744
14012,1922784
14040,1923820
14068,1924856
14096,1925900
14124,1926936
14152,1927976
14181,1929016
14208,1930052
14236,1931088
14268,1932264
14296,1933300
14328,1934484
14360,1935656
14392,1936824
14424,1938000
14456,1939172
14488,1940344
14520,1941524
14552,1942700
14584,1943872
14616,1945040
14648,1946208
14680,1947376
14712,1948540
14744,1949724
14776,1950892
14808,1952048
14841,1953208
14872,1954348
14904,1955508
14936,1956668
14968,1957832
15000,1959028
15032,1960188
15064,1961340
15096,1962476
15128,1963628
15160,1964776
15192,1965908
15224,1967072
15256,1968244
15288,1969392
15320,1970544
15352,1971672
15385,1972824
15416,1973956
15448,1975120
15480,1976268
15512,1977432
15544,1978572
15576,1979716
15608,1980856
15640,1981972
15672,1983128
15704,1984272
15736,1985416
15773,1986708
15804,1987848
15836,1988988
15868,1990116
15900,1991256
15932,1992388
15964,1993520
15996,1994652
16028,1995784
16060,1996916
16097,1998192
16128,1999316
16160,2000448
16196,2001724
16228,2002856
16260,2003988
16292,2005116
16324,2006240
16356,2007360
16388,2008484
16420,2009600
16452,2010720
16485,2011840
16521,2013108
16553,2014236
16585,2015356
16616,2016476
16648,2017596
16680,2018712
16712,2019824
16744,2020936
16776,2022048
16808,2023160
16840,2024272
16872,2025388
16905,2026508
16936,2027624
16969,2028736
17000,2029848
17033,2030960
17065,2032068
17096,2033172
17128,2034276
17160,2035380
17192,2036484
17224,2037592
17256,2038692
17289,2039800
17321,2040912
17353,2042016
17385,2043120
17416,2044220
17448,2045324
17485,2046552
17520,2047788
17556,2049020
17592,2050256
17628,2051488
17664,2052708
17701,2053944
17737,2055180
17773,2056428
17808,2057660
17844,2058864
17881,2060092
17916,2061336
17952,2062556
17988,2063780
18024,2064976
18061,2066196
18097,2067416
18133,2068664
18177,2070148
18212,2071352
18249,2072572
18289,2073960
18324,2075152
18360,2076364
18396,2077576
18432,2078792
18468,2080000
18505,2081232
18541,2082420
18581,2083768
18616,2085000
18652,2086192
18692,2087528
18728,2088732
18764,2089932
18800,2091156
18836,2092356
18876,2093672
18913,2094892
18948,2096080
19001,2097832
19036,2099032
19073,2100216
19108,2101436
19144,2102628
19180,2103816
19216,2104992
19252,2106184
19289,2107400
19329,2108728
19385,2110588
19420,2111780
19456,2112968
19492,2114156
19528,2115340
19564,2116528
19600,2117716
19636,2118904
19672,2120088
19708,2121268
19753,2122716
19805,2124432
19840,2125616
19877,2126796
19912,2127984
19948,2129160
19984,2130336
20020,2131508
20057,2132684
20097,2133992
20137,2135308
20205,2137536
20240,2138704
20277,2139880
20312,2141052
20348,2142224
20384,2143400
20420,2144568
20456,2145736
20497,2147028
20532,2148200
20605,2150548
20641,2151716
20677,2152884
20716,2154172
20752,2155336
20788,2156500
20828,2157796
20869,2159084
20909,2160376
20949,2161676
21005,2163480
21045,2164780
21097,2166448
21136,2167732
21176,2169024
21217,2170308
21257,2171588
21301,2173008
21341,2174296
21404,2176352
21444,2177632
21489,2179044
21529,2180332
21573,2181732
21612,2183012
21656,2184424
21705,2185956
21745,2187240
21801,2189036
21840,2190312
21893,2191980
21932,2193256
21973,2194540
22012,2195812
22053,2197084
22105,2198752
22153,2200280
22201,2201824
22241,2203100
22293,2204760
22332,2206036
22372,2207300
22412,2208572
22452,2209852
22508,2211632
22553,2213044
22604,2214696
22644,2215976
22700,2217756
22740,2219032
22780,2220304
22820,2221568
22861,2222840
22908,2224372
22953,2225768
23001,2227304
23040,2228576
23089,2230096
23128,2231372
23173,2232772
23212,2234032
23253,2235300
23301,2236832
23340,2238096
23405,2240132
23444,2241404
23500,2243180
23540,2244448
23580,2245720
23620,2246988
23661,2248248
23708,2249780
23757,2251296
23808,2252956
23849,2254224
23892,2255612
23932,2256880
23972,2258152
24012,2259416
24057,2260800
24108,2262456
24153,2263844
24205,2265504
24244,2266764
24293,2268292
24332,2269556
24372,2270816
24412,2272076
24453,2273348
24505,2274988
24553,2276516
24605,2278160
24645,2279432
24697,2281072
24736,2282336
24776,2283604
24816,2284868
24856,2286124
24897,2287388
24941,2288788
24989,2290304
25040,2291956
25097,2293724
25136,2294988
25176,2296268
25216,2297508
25256,2298768
25305,2300296
25361,2302068
25409,2303584
25448,2304844
25497,2306372
25536,2307624
25576,2308888
25616,2310152
25656,2311412
25701,2312796
25753,2314448
25801,2315964
25840,2317224
25881,2318496
25920,2319760
25960,2321012
26000,2322272
26040,2323540
26081,2324800
26129,2326312
26205,2328724
26245,2329988
26297,2331624
26336,2332888
26377,2334168
26416,2335404
26465,2336924
26505,2338184
26557,2339824
26601,2341220
26641,2342476
26692,2344124
26732,2345400
26772,2346640
26812,2347900
26856,2349288
26905,2350796
26949,2352192
26989,2353460
27040,2355092
27100,2356988
27140,2358248
27180,2359512
27220,2360772
27261,2362024
27309,2363544
27369,2365432
27408,2366704
27449,2367964
27493,2369348
27532,2370628
27572,2371888
27612,2373124
27653,2374380
27705,2376028
27745,2377284
27805,2379188
27844,2380440
27889,2381836
27928,2383112
27969,2384368
28009,2385604
28048,2386860
28105,2388628
28201,2391660
28240,2392920
28289,2394440
28328,2395692
28369,2396952
28409,2398216
28448,2399472
28497,2400976
28537,2402240
28577,2403508
28616,2404772
28656,2406024
28700,2407412
28740,2408692
28780,2409936
28820,2411188
28864,2412576
28905,2413836
28957,2415472
29001,2416868
29041,2418128
29093,2419768
29132,2421040
29176,2422400
29216,2423660
29257,2424940
29305,2426428
29361,2428200
29409,2429712
29452,2431104
29500,2432608
29540,2433868
29580,2435132
29620,2436404
29664,2437764
29705,2439024
29761,2440792
29809,2442316
29849,2443572
29893,2444952
29932,2446212
29973,2447492
30012,2448748
30056,2450108
30101,2451500
30177,2453900
30216,2455156
30256,2456412
30300,2457824
30340,2459080
30380,2460316
30420,2461572
30468,2463084
30508,2464340
30581,2466612
30621,2467880
30660,2469140
30701,2470396
30740,2471648
30780,2472908
30820,2474188
30861,2475444
30905,2476808
30981,2479212
31040,2481096
31101,2482988
31140,2484264
31180,2485524
31221,2486780
31268,2488264
31309,2489532
31349,2490792
31401,2492432
31441,2493708
31493,2495324
31532,2496604
31573,2497864
31612,2499096
31653,2500352
31805,2505152
31845,2506404
31901,2508192
31940,2509424
31980,2510680
32020,2511940
32061,2513200
32101,2514452
32141,2515712
32209,2517860
32249,2519124
32293,2520508
32332,2521760
32376,2523164
32416,2524404
32457,2525660
32509,2527300
32549,2528560
32593,2529944
32637,2531352
32685,2532844
32725,2534100
32764,2535352
32809,2536740
32848,2537992
32897,2539500
32937,2540768
33001,2542788
33041,2544064
33101,2545952
33141,2547188
33180,2548444
33220,2549700
33264,2551088
33309,2552464
33353,2553852
33401,2555372
33444,2556752
33500,2558516
33540,2559772
33580,2561052
33620,2562304
33661,2563544
33705,2564924
33753,2566444
33804,2568076
33845,2569360
33892,2570848
33932,2572104
33972,2573384
34012,2574640
34052,2575872
34092,2577188
34132,2578456
34172,2579732
34220,2581224
34260,2582484
34300,2583760
34340,2585020
34380,2586252
34420,2587508
34460,2588772
34500,2590028
34540,2591284
34580,2592544
34620,2593812
34660,2595092
34704,2596444
34744,2597704
34784,2598984
34824,2600224
34864,2601476
34908,2602856
34948,2604140
34988,2605384
35028,2606640
35068,2607900
35108,2609176
35148,2610436
35188,2611692
35228,2612924
35268,2614180
35308,2615460
35348,2616704
35388,2617956
35428,2619220
35468,2620504
35508,2621760
35548,2622996
35588,2624248
35628,2625504
35668,2626788
35708,2628044
35748,2629280
35788,2630540
35828,2631808
35868,2633084
35908,2634316
35948,2635576
35988,2636836
36028,2638092
36069,2639348
36108,2640600
36148,2641864
36188,2643124
36228,2644388
36268,2645644
36308,2646900
36348,2648180
36388,2649416
36428,2650668
36468,2651928
36508,2653184
36548,2654464
36588,2655708
36628,2656964
36668,2658224
36708,2659504
36748,2660760
36788,2661992
36828,2663248
36868,2664528
36908,2665768
36948,2667024
36988,2668284
37028,2669548
37068,2670828
37108,2672068
37148,2673320
37188,2674576
37228,2675836
37268,2677112
37308,2678348
37348,2679608
37388,2680872
37428,2682136
37468,2683388
37508,2684648
37548,2685904
37588,2687180
37628,2688436
37668,2689672
37708,2690932
37748,2692216
37788,2693456
37828,2694712
37868,2695972
37908,2697248
37948,2698508
37988,2699748
38028,2701000
38068,2702256
38108,2703516
38148,2704796
38188,2706032
38228,2707296
38268,2708580
38308,2709832
38348,2711068
38388,2712324
38428,2713580
38468,2714860
38508,2716100
38548,2717356
38588,2718612
38628,2719884
38668,2721160
38708,2722392
38748,2723652
38788,2724912
38828,2726168
38868,2727420
38908,2728676
38948,2729940
38988,2731200
39028,2732464
39069,2733788
39108,2735044
39148,2736304
39188,2737580
39229,2738812
39269,2740068
39317,2741588
39401,2744228
39440,2745508
39489,2747000
39528,2748256
39569,2749536
39608,2750788
39649,2752020
39717,2754160
39805,2756960
39845,2758192
39888,2759580
39928,2760856
39968,2762112
40009,2763348
40052,2764728
40097,2766116
40137,2767372
40201,2769396
40241,2770648
40289,2772180
40328,2773436
40369,2774672
40408,2775924
40449,2777204
40489,2778448
40569,2780960
40608,2782228
40648,2783484
40693,2784864
40732,2786120
40773,2787416
40812,2788656
40852,2789888
40905,2791548
40953,2793036
41001,2794556
41041,2795832
41096,2797576
41136,2798832
41176,2800104
41216,2801340
41257,2802592
41305,2804112
41349,2805488
41401,2807136
41440,2808388
41489,2809904
41528,2811180
41569,2812412
41608,2813668
41649,2814920
41705,2816684
41797,2819584
41837,2820844
41889,2822488
41928,2823736
41969,2824996
42008,2826272
42052,2827636
42093,2828888
42153,2830784
42200,2832292
42240,2833556
42289,2835060
42328,2836320
42368,2837596
42408,2838836
42448,2840084
42501,2841728
42597,2844752
42640,2846136
42689,2847644
42729,2848920
42769,2850180
42808,2851408
42848,2852664
42905,2854428
42953,2855944
42997,2857352
43036,2858588
43096,2860496
43136,2861732
43176,2862988
43216,2864264
43257,2865520
43297,2866756
43337,2868016
43405,2870164
43448,2871568
43493,2872932
43532,2874188
43573,2875464
43612,2876704
43652,2877952
43692,2879268
43732,2880536
43772,2881812
43816,2883176
43856,2884436
43896,2885700
43936,2886972
43976,2888208
44016,2889460
44056,2890720
44096,2891980
44136,2893240
44176,2894492
44216,2895756
44256,2897040
44296,2898280
44336,2899532
44376,2900788
44416,2902048
44456,2903324
44504,2904808
44544,2906068
44584,2907332
44624,2908596
44664,2909852
44704,2911108
44744,2912384
44784,2913640
44824,2914872
44864,2916132
44904,2917392
44944,2918656
44988,2920032
45028,2921296
45068,2922576
45108,2923816
45148,2925068
45188,2926324
45228,2927580
45268,2928860
45308,2930100
45348,2931352
45388,2932612
45428,2933880
45468,2935156
45508,2936388
45548,2937648
45588,2938908
45629,2940184
45672,2941544
45712,2942800
45752,2944084
45792,2945324
45832,2946580
45872,2947836
45912,2949096
45952,2950372
45992,2951628
46032,2952864
46072,2954124
46112,2955384
46152,2956660
46192,2957896
46232,2959156
46272,2960440
46312,2961696
46356,2963056
46396,2964304
46436,2965592
46476,2966844
46516,2968080
46556,2969340
46597,2970600
46636,2971868
46676,2973140
46716,2974372
46756,2975632
46796,2976888
46836,2978168
46876,2979400
46916,2980660
46956,2981940
46997,2983184
47036,2984440
47076,2985696
47116,2986948
47156,2988232
47196,2989464
47236,2990720
47276,2991976
47316,2993256
47356,2994520
47396,2995756
47436,2997016
47476,2998272
47516,2999532
47556,3000808
47596,3002036
47636,3003300
47676,3004576
47716,3005816
47756,3007072
47796,3008332
47836,3009600
47876,3010868
47916,3012100
47956,3013360
47996,3014612
48036,3015896
48076,3017152
48116,3018384
48156,3019644
48197,3020912
48236,3022172
48276,3023420
48316,3024676
48356,3025956
48396,3027192
48440,3028572
48480,3029828
48520,3031092
48560,3032368
48601,3033608
48641,3034868
48680,3036120
48720,3037384
48760,3038656
48800,3039888
48840,3041148
48880,3042408
48920,3043668
48960,3044920
49001,3046180
49045,3047592
49084,3048844
49124,3050080
49164,3051332
49204,3052612
49244,3053852
49284,3055100
49324,3056360
49364,3057620
49405,3058888
49445,3060164
49484,3061396
49524,3062652
49564,3063932
49604,3065168
49644,3066420
49684,3067672
49724,3068940
49764,3070216
49813,3071708
49852,3072968
49892,3074244
49932,3075500
49972,3076732
50012,3077988
50052,3079268
50092,3080524
50132,3081760
50172,3083020
50213,3084284
50252,3085564
50292,3086816
50336,3088180
50376,3089456
50416,3090692
50460,3092072
50504,3093452
50544,3094736
50584,3095976
50624,3097232
50664,3098492
50704,3099772
50744,3101028
50784,3102260
50824,3103516
50864,3104796
50904,3106032
50944,3107312
50984,3108544
51024,3109808
51064,3111092
51104,3112344
51144,3113580
51184,3114832
51224,3116092
51264,3117368
51304,3118600
51344,3119860
51384,3121120
51424,3122388
51464,3123664
51504,3124896
51544,3126152
51584,3127428
51624,3128668
51664,3129920
51704,3131172
51745,3132460
51784,3133700
51828,3135080
51868,3136340
51908,3137616
51948,3138872
51988,3140108
52029,3141364
52068,3142620
52108,3143880
52148,3145140
52188,3146392
52228,3147652
52268,3148936
52308,3150192
52348,3151424
52388,3152680
52428,3153960
52468,3155216
52512,3156576
52552,3157836
52592,3159100
52632,3160360
52672,3161612
52712,3162872
52752,3164124
52792,3165404
52832,3166644
52872,3167896
52912,3169152
52952,3170432
52992,3171676
53032,3172928
53072,3174188
53112,3175468
53152,3176720
53196,3178076
53236,3179340
53276,3180616
53316,3181856
53356,3183112
53396,3184368
53436,3185632
53476,3186892
53516,3188148
53556,3189400
53596,3190652
53636,3191936
53676,3193192
53716,3194428
53756,3195688
53796,3196952
53836,3198212
53876,3199484
53916,3200716
53956,3201976
53996,3203232
54036,3204512
54076,3205744
54116,3207000
54156,3208284
54197,3209528
54236,3210780
54276,3212036
54316,3213292
54356,3214572
54396,3215808
54436,3217060
54476,3218320
54516,3219580
54556,3220856
54596,3222096
54636,3223356
54676,3224632
54716,3225872
54756,3227124
54796,3228372
54836,3229636
54876,3230916
54916,3232156
54956,3233408
54996,3234668
55036,3235952
55076,3237208
55116,3238440
55156,3239696
55196,3240948
55236,3242232
55276,3243488
55316,3244724
55356,3245984
55396,3247248
55436,3248508
55476,3249756
55516,3251012
55556,3252292
55596,3253528
55636,3254784
55676,3256040
55716,3257296
55756,3258576
55796,3259820
55836,3261076
55876,3262332
55916,3263592
55956,3264864
55996,3266092
56036,3267356
56076,3268632
56116,3269872
56156,3271148
56196,3272384
56236,3273648
56276,3274924
56316,3276164
56356,3277416
56396,3278664
56436,3279948
56476,3281204
56516,3282440
56556,3283700
56597,3284960
56636,3286224
56676,3287496
56716,3288724
56756,3289984
56796,3291244
56836,3292520
56876,3293752
56916,3295008
56956,3296292
56997,3297536
57041,3298916
57080,3300168
57120,3301448
57160,3302704
57200,3303936
57240,3305192
57280,3306448
57320,3307712
57360,3308984
57413,3310624
57452,3311884
57492,3313136
57533,3314372
57572,3315628
57612,3316884
57652,3318144
57692,3319392
57732,3320652
57772,3321932
57812,3323192
57852,3324432
57892,3325684
57933,3326940
57972,3328216
58012,3329452
58052,3330704
58092,3331964
58132,3333224
58172,3334500
58212,3335740
58252,3336996
58292,3338256
58336,3339656
58376,3340888
58416,3342140
58456,3343404
58496,3344660
58536,3345912
58576,3347172
58616,3348432
58656,3349716
58696,3350968
58736,3352204
58776,3353456
58816,3354716
58856,3355992
58896,3357224
58936,3358480
58976,3359736
59016,3361024
59056,3362284
59096,3363512
59136,3364772
59176,3366044
59216,3367284
59256,3368536
59296,3369788
59336,3371056
59376,3372312
59416,3373568
59456,3374828
59496,3376080
59536,3377360
59576,3378616
59616,3379848
59656,3381104
59696,3382380
59736,3383624
59776,3384872
59816,3386136
59856,3387416
59896,3388652
59936,3389928
59976,3391160
60016,3392412
60056,3393692
60096,3394948
60136,3396184
60176,3397440
60216,3398724
60256,3399984
60296,3401216
60336,3402472
60376,3403728
60416,3404984
60456,3406260
60496,3407492
60536,3408752
60576,3410032
60616,3411276
60656,3412532
60696,3413784
60736,3415064
60776,3416316
60816,3417552
60856,3418804
60896,3420060
60936,3421324
60976,3422584
61016,3423836
61056,3425100
61096,3426356
61136,3427628
61176,3428860
61216,3430116
61256,3431372
61296,3432652
61336,3433908
61376,3435144
61416,3436404
61456,3437684
61496,3438940
61536,3440172
61576,3441428
61616,3442680
61656,3443960
61696,3445216
61736,3446452
61776,3447708
61816,3448992
61856,3450252
61896,3451484
61936,3452740
61976,3454016
62016,3455256
62056,3456504
62096,3457760
62136,3459020
62176,3460284
62216,3461560
62256,3462796
62296,3464052
62336,3465328
62376,3466580
62416,3467816
62456,3469072
62496,3470328
62536,3471592
62576,3472848
62616,3474104
62656,3475364
62696,3476636
62736,3477892
62776,3479124
62816,3480380
62856,3481640
62896,3482912
62937,3484152
62976,3485408
63016,3486668
63056,3487948
63096,3489204
63136,3490436
63176,3491692
63216,3492948
63256,3494224
63296,3495456
63336,3496712
63376,3497972
63416,3499252
63456,3500512
63496,3501744
63536,3503000
63576,3504276
63616,3505512
63656,3506764
63696,3508016
63736,3509300
63776,3510556
63820,3511920
63860,3513196
63900,3514452
63940,3515712
63980,3516956
64020,3518192
64060,3519448
64101,3520708
64140,3521968
64193,3523692
64232,3524948
64285,3526560
64324,3527836
64365,3529088
64404,3530320
64448,3531700
64501,3533332
64545,3534716
64601,3536480
64644,3537860
64692,3539392
64732,3540624
64772,3541880
64812,3543152
64856,3544516
64897,3545764
64937,3547024
64996,3548912
65037,3550172
65085,3551700
65124,3552932
65165,3554188
65204,3555460
65245,3556716
65285,3557948
65329,3559332
65397,3561492
65437,3562752
65492,3564488
65532,3565764
65572,3567016
65612,3568248
65657,3569624
65701,3571016
65745,3572392
65793,3573924
65832,3575180
65892,3577068
65932,3578320
65972,3579552
66012,3580804
66053,3582080
66101,3583564
66149,3585080
66197,3586584
66237,3587844
66281,3589244
66321,3590500
66361,3591732
66400,3592984
66440,3594236
66500,3596120
66569,3598256
66608,3599520
66648,3600776
66688,3602084
66729,3603340
66768,3604612
66809,3605852
66848,3607100
66888,3608356
66928,3609636
66968,3610888
67009,3612152
67048,3613388
67088,3614636
67128,3615916
67168,3617168
67208,3618400
67248,3619656
67288,3620932
67328,3622188
67368,3623424
67405,3624628
67444,3625884
67488,3627288
67532,3628644
67572,3629900
67612,3631172
67652,3632424
67693,3633660
67745,3635300
67793,3636808
67833,3638064
67881,3639592
67920,3640824
67960,3642076
68000,3643332
68040,3644604
68081,3645860
68128,3647348
68193,3649360
68233,3650656
68281,3652128
68320,3653380
68360,3654632
68401,3655924
68441,3657160
68521,3659652
68596,3662064
68636,3663320
68688,3664956
68728,3666224
68769,3667460
68808,3668692
68849,3669944
68897,3671476
68941,3672836
68993,3674496
69033,3675732
69081,3677260
69120,3678512
69160,3679744
69200,3680996
69240,3682248
69297,3684008
69357,3685896
69397,3687156
69440,3688560
69481,3689816
69520,3691048
69561,3692300
69600,3693552
69644,3694952
69685,3696188
69729,3697568
69789,3699460
69832,3700864
69881,3702348
69920,3703600
69961,3704896
70000,3706148
70044,3707484
70097,3709160
70137,3710384
70193,3712176
70232,3713432
70272,3714708
70312,3715960
70352,3717236
70392,3718492
70432,3719724
70472,3720976
70512,3722232
70552,3723512
70608,3725248
70648,3726532
70688,3727780
70728,3729016
70768,3730268
70808,3731544
70848,3732800
70888,3734028
70928,3735288
70968,3736544
71008,3737824
71048,3739084
71088,3740312
71128,3741568
71168,3742840
71208,3744076
71248,3745328
71288,3746580
71328,3747836
71368,3749100
71408,3750376
71448,3751612
71489,3752936
71528,3754208
71568,3755480
71609,3756692
71649,3757944
71689,3759208
71737,3760708
71785,3762244
71828,3763624
71884,3765380
71924,3766636
71964,3767864
72004,3769116
72045,3770392
72117,3772636
72157,3773896
72196,3775144
72236,3776400
72277,3777680
72316,3778952
72357,3780164
72396,3781416
72437,3782688
72493,3784428
72573,3786964
72625,3788576
72677,3790228
72716,3791460
72757,3792712
72796,3793984
72837,3795236
72885,3796720
72965,3799244
73009,3800620
73049,3801876
73089,3803132
73128,3804404
73168,3805656
73213,3807012
73252,3808304
73293,3809560
73361,3811664
73400,3812972
73441,3814232
73480,3815504
73524,3816884
73564,3818116
73604,3819364
73644,3820640
73684,3821896
73724,3823128
73764,3824384
73804,3825644
73844,3826924
73884,3828176
73924,3829408
73964,3830660
74004,3831916
74044,3833188
74084,3834416
74125,3835676
74164,3836952
74204,3838212
74244,3839468
74284,3840696
74324,3841952
74364,3843224
74404,3844460
74444,3845708
74484,3846960
74524,3848240
74564,3849496
74608,3850860
74648,3852116
74688,3853388
74728,3854644
74768,3855888
74808,3857124
74848,3858380
74892,3859780
74988,3862884
75029,3864100
75073,3865480
75112,3866776
75152,3868024
75192,3869240
75237,3870616
75309,3872912
75369,3874764
75417,3876292
75473,3878064
75513,3879320
75553,3880532
75592,3881784
75633,3883072
75689,3884792
75788,3887936
75829,3889228
75873,3890592
75912,3891824
75953,3893076
75992,3894368
76033,3895620
76081,3897084
76121,3898340
76188,3900516
76232,3901900
76273,3903116
76312,3904368
76353,3905660
76392,3906912
76433,3908124
76481,3909628
76521,3910924
76584,3912936
76625,3914192
76673,3915660
76713,3916952
76752,3918204
76792,3919420
76832,3920668
76909,3923060
76985,3925464
77032,3926948
77073,3928228
77112,3929480
77153,3930712
77192,3931964
77233,3933252
77285,3934844
77337,3936484
77377,3937760
77417,3938992
77473,3940772
77512,3942004
77553,3943256
77592,3944544
77632,3945780
77685,3947388
77733,3948936
77788,3950696
77832,3952076
77880,3953544
77920,3954836
77960,3956088
78000,3957304
78041,3958552
78081,3959812
78121,3961088
78181,3962988
78220,3964228
78273,3965840
78312,3967128
78352,3968380
78392,3969596
78433,3970844
78493,3972728
78549,3974492
78588,3975744
78632,3977124
78680,3978672
78720,3979884
78760,3981136
78800,3982428
78841,3983676
78885,3985020
78925,3986276
78988,3988288
79029,3989584
79081,3991176
79120,3992428
79160,3993716
79200,3994968
79245,3996308
79285,3997564
79337,3999236
79388,4000868
79429,4002124
79469,4003340
79509,4004596
79552,4006008
79592,4007260
79633,4008476
79681,4009980
79781,4013160
79821,4014416
79873,4016008
79912,4017300
79952,4018552
79992,4019764
80032,4021016
80093,4022896
80184,4025796
80224,4027044
80273,4028572
80312,4029824
80352,4031056
80392,4032308
80433,4033596
80481,4035064
80533,4036704
80584,4038332
80632,4039876
80681,4041344
80720,4042596
80760,4043872
80800,4045124
80841,4046352
80893,4048008
80933,4049248
80992,4051152
81032,4052408
81073,4053640
81113,4054896
81153,4056188
81192,4057420
81233,4058652
81289,4060448
81384,4063448
81425,4064708
81480,4066464
81520,4067720
81560,4068952
81600,4070204
81645,4071604
81685,4072844
81784,4076004
81824,4077240
81873,4078772
81912,4080044
81953,4081256
81992,4082508
82033,4083784
82117,4086404
82189,4088672
82229,4089948
82280,4091560
82320,4092816
82360,4094092
82400,4095344
82440,4096576
82489,4098092
82537,4099596
82585,4101108
82625,4102388
82673,4103876
82712,4105132
82753,4106408
82792,4107664
82836,4109020
82889,4110660
82933,4112040
82985,4113684
83025,4114936
83073,4116448
83112,4117724
83153,4118980
83192,4120212
83232,4121464
83289,4123228
83337,4124744
83385,4126252
83425,4127508
83480,4129272
83520,4130524
83560,4131784
83600,4133060
83644,4134416
83689,4135800
83753,4137820
83792,4139084
83832,4140360
83880,4141844
83920,4143100
83960,4144380
84000,4145636
84044,4146992
84085,4148256
84165,4150772
84220,4152556
84277,4154300
84316,4155576
84357,4156832
84396,4158064
84436,4159316
84477,4160584
84517,4161844
84585,4163984
84625,4165236
84673,4166756
84712,4168028
84753,4169260
84792,4170516
84833,4171768
84889,4173532
84937,4175048
84985,4176556
85025,4177816
85073,4179348
85113,4180580
85153,4181836
85192,4183112
85233,4184364
85273,4185604
85313,4186860
85385,4189128
85425,4190412
85469,4191772
85508,4193028
85549,4194284
85588,4195560
85628,4196812
85689,4198684
85733,4200064
85781,4201600
85821,4202856
85873,4204468
85912,4205748
85952,4207004
85992,4208236
86032,4209488
86089,4211248
86129,4212508
86184,4214272
86225,4215588
86264,4216868
86304,4218124
86344,4219376
86384,4220612
86424,4221868
86464,4223144
86504,4224384
86544,4225636
86585,4226896
86625,4228180
86664,4229432
86704,4230668
86744,4231920
86784,4233176
86824,4234456
86864,4235712
86904,4236944
86944,4238204
86985,4239484
87024,4240748
87064,4241976
87104,4243232
87144,4244512
87184,4245764
87224,4247020
87264,4248252
87304,4249508
87344,4250788
87393,4252280
87433,4253540
87472,4254812
87512,4256068
87552,4257300
87592,4258556
87632,4259812
87672,4261088
87712,4262328
87752,4263580
87797,4264988
87836,4266248
87876,4267484
87917,4268736
87956,4269988
87996,4271248
88036,4272520
88076,4273752
88116,4275012
88156,4276288
88200,4277676
88240,4278912
88280,4280164
88320,4281440
88360,4282696
88400,4283924
88440,4285184
88480,4286436
88520,4287700
88560,4288956
88600,4290212
88640,4291468
88680,4292744
88720,4294000
88760,4295232
88800,4296484
88840,4297748
88880,4299000
88920,4300260
88960,4301508
89000,4302768
89040,4304052
89080,4305304
89120,4306536
89160,4307788
89200,4309048
89240,4310320
89280,4311552
89320,4312812
89360,4314068
89400,4315348
89440,4316608
89480,4317836
89520,4319092
89560,4320368
89600,4321604
89640,4322852
89680,4324108
89720,4325364
89760,4326628
89800,4327904
89840,4329144
89880,4330392
89920,4331672
89960,4332924
90000,4334156
90040,4335412
90080,4336688
90120,4337928
90164,4339304
90204,4340568
90244,4341844
90284,4343096
90324,4344332
90364,4345600
90404,4346840
90444,4348116
90484,4349352
90528,4350732
90568,4351984
90608,4353252
90648,4354528
90688,4355760
90728,4357016
90768,4358288
90808,4359524
90848,4360776
90888,4362028
90929,4363312
90968,4364548
91009,4365808
91048,4367060
91088,4368312
91128,4369592
91168,4370844
91208,4372076
91248,4373332
91288,4374588
91329,4375864
91368,4377096
91408,4378356
91448,4379616
91488,4380892
91528,4382144
91568,4383376
91608,4384628
91648,4385908
91688,4387160
91729,4388400
91768,4389652
91808,4390920
91848,4392192
91888,4393444
91928,4394680
91968,4395932
92008,4397204
92048,4398464
92088,4399692
92129,4400952
92177,4402552
92217,4403788
92265,4405316
92304,4406568
92345,4407800
92384,4409052
92424,4410304
92477,4411936
92573,4414980
92616,4416340
92669,4417996
92709,4419228
92748,4420480
92788,4421768
92829,4423004
92877,4424488
92929,4426128
92981,4427760
93020,4429036
93069,4430524
93108,4431776
93148,4433052
93188,4434304
93228,4435532
93281,4437172
93321,4438448
93373,4440060
93413,4441356
93469,4443076
93509,4444368
93548,4445604
93588,4446832
93629,4448084
93685,4449844
93729,4451228
93777,4452760
93820,4454120
93869,4455648
93908,4456920
93949,4458132
93988,4459384
94029,4460676
94077,4462144
94117,4463400
94177,4465288
94217,4466544
94257,4467820
94296,4469092
94337,4470308
94376,4471560
94416,4472812
94504,4475572
94581,4477984
94620,4479260
94676,4480980
94716,4482252
94756,4483524
94796,4484736
94837,4485988
94904,4488124
94981,4490552
95021,4491772
95076,4493552
95116,4494820
95156,4496036
95196,4497288
95237,4498576
95277,4499816
95317,4501052
95377,4502976
95417,4504196
95465,4505724
95504,4506980
95545,4508208
95584,4509460
95624,4510712
95685,4512596
95729,4514020
95788,4515904
95828,4517144
95876,4518632
95916,4519884
95956,4521176
95996,4522428
96037,4523640
96077,4524896
96116,4526156
96181,4528188
96220,4529444
96269,4530928
96308,4532184
96349,4533476
96388,4534728
96429,4535940
96485,4537736
96529,4539080
96577,4540616
96620,4541972
96677,4543756
96716,4545008
96756,4546240
96796,4547492
96837,4548764
96885,4550252
96925,4551508
96981,4553268
97021,4554528
97069,4556056
97112,4557412
97152,4558664
97192,4559940
97233,4561208
97281,4562676
97333,4564316
97381,4565820
97421,4567116
97469,4568584
97508,4569840
97549,4571092
97588,4572364
97629,4573616
97677,4575100
97773,4578124
97813,4579400
97853,4580640
97892,4581892
97932,4583140
97973,4584396
98012,4585668
98052,4586908
98101,4588412
98149,4589928
98188,4591176
98228,4592436
98269,4593712
98308,4594984
98353,4596324
98392,4597576
98432,4598848
98485,4600460
98529,4601844
98577,4603376
98617,4604612
98669,4606268
98708,4607496
98749,4608752
98788,4610004
98828,4611276
98885,4613016
98929,4614404
98988,4616324
99028,4617580
99069,4618796
99108,4620048
99149,4621304
99188,4622596
99228,4623828
99277,4625312
99317,4626612
99357,4627836
99397,4629088
99436,4630344
99477,4631640
99516,4632876
99556,4634104
99596,4635360
99641,4636776
99685,4638156
99733,4639628
99788,4641388
99828,4642644
99869,4643924
99908,4645176
99949,4646408
99988,4647660
100029,4649024
100077,4650532
100133,4652292
100181,4653796
100228,4655308
100273,4656692
100316,4658064
100360,4659444
100408,4660944
100452,4662328
100497,4663708
100581,4666344
100628,4667856
100676,4669360
100720,4670744
100764,4672116
100808,4673492
100852,4674876
100905,4676504
100984,4679024
101028,4680400
101076,4681916
101120,4683292
101164,4684664
101208,4686044
101253,4687424
101297,4688800
101381,4691448
101428,4692948
101476,4694460
101520,4695832
101564,4697216
101608,4698592
101653,4699964
101697,4701352
101781,4703988
101828,4705500
101877,4707004
101920,4708384
101964,4709764
102008,4711136
102053,4712520
102105,4714148
102184,4716668
102228,4718048
102273,4719424
102316,4720808
102360,4722184
102405,4723552
102448,4724936
102509,4726824
102581,4729088
102625,4730464
102676,4732100
102720,4733476
102764,4734848
102808,4736232
102852,4737608
102909,4739368
102981,4741632
103025,4743008
103069,4744396
103112,4745772
103156,4747144
103200,4748528
103248,4750024
103293,4751412
103381,4754172
103428,4755684
103473,4757068
103516,4758440
103560,4759820
103604,4761192
103649,4762568
103709,4764452
103777,4766592
103820,4767980
103869,4769480
103912,4770864
103956,4772240
104001,4773612
104045,4774996
104105,4776872
104181,4779268
104228,4780768
104276,4782280
104320,4783656
104364,4785028
104408,4786412
104452,4787788
104501,4789296
104553,4790928
104601,4792440
104644,4793820
104688,4795196
104732,4796580
104776,4797956
104820,4799324
104885,4801336
104929,4802720
104981,4804352
105025,4805736
105076,4807364
105120,4808748
105164,4810124
105208,4811492
105253,4812880
105305,4814504
105384,4817024
105428,4818404
105473,4819784
105516,4821164
105560,4822544
105604,4823912
105649,4825296
105693,4826676
105784,4829568
105828,4830940
105873,4832332
105916,4833708
105960,4835076
106004,4836460
106049,4837840
106101,4839472
106177,4841860
106220,4843236
106269,4844748
106312,4846124
106356,4847496
106401,4848880
106445,4850256
106493,4851760
106580,4854520
106625,4855908
106669,4857288
106712,4858660
106756,4860044
106801,4861420
106844,4862792
106893,4864304
106981,4867064
107025,4868452
107069,4869824
107112,4871208
107156,4872588
107201,4873956
107244,4875340
107301,4877092
107384,4879736
107428,4881112
107477,4882624
107520,4884000
107564,4885372
107608,4886752
107652,4888132
107709,4889888
107784,4892272
107828,4893652
107876,4895164
107920,4896536
107964,4897920
108009,4899296
108052,4900664
108101,4902180
108181,4904688
108225,4906076
108269,4907456
108312,4908828
108356,4910208
108400,4911584
108445,4912956
108501,4914720
108553,4916356
108597,4917736
108640,4919112
108685,4920500
108728,4921876
108772,4923248
108816,4924628
108865,4926124
108917,4927764
108969,4929396
109013,4930784
109076,4932792
109120,4934164
109164,4935536
109208,4936920
109252,4938296
109305,4939932
109357,4941560
109401,4942948
109444,4944324
109488,4945704
109532,4947084
109576,4948460
109620,4949832
109681,4951712
109733,4953352
109781,4954856
109825,4956244
109876,4957868
109920,4959252
109964,4960628
110009,4962000
110053,4963384
110101,4964888
110181,4967396
110228,4968912
110276,4970412
110320,4971796
110364,4973164
110408,4974540
110452,4975924
110504,4977552
110565,4979440
110617,4981076
110676,4982960
110720,4984336
110764,4985708
110808,4987088
110853,4988468
110901,4989976
110981,4992492
111028,4993992
111073,4995376
111116,4996748
111160,4998124
111204,4999508
111248,5000880
111304,5002644
111381,5005028
111425,5006412
111468,5007792
111512,5009164
111556,5010548
111601,5011924
111644,5013296
111705,5015180
111781,5017568
111825,5018956
111876,5020580
111920,5021964
111964,5023332
112008,5024712
112053,5026096
112104,5027720
112157,5029360
112205,5030864
112269,5032872
112312,5034256
112356,5035624
112401,5037004
112444,5038384
112505,5040268
112553,5041772
112601,5043284
112645,5044664
112688,5046040
112732,5047420
112776,5048796
112820,5050168
112865,5051552
112917,5053180
112973,5054948
113020,5056448
113076,5058208
113120,5059588
113164,5060964
113208,5062336
113252,5063720
113309,5065472
113377,5067612
113424,5069124
113476,5070748
113520,5072132
113568,5073628
113612,5075008
113657,5076388
113701,5077764
113773,5080028
113817,5081416
113868,5083040
113912,5084428
113956,5085796
114001,5087172
114045,5088556
114105,5090440
114185,5092952
114228,5094328
114277,5095840
114320,5097212
114364,5098596
114408,5099972
114452,5101344
114505,5102984
114581,5105364
114625,5106752
114669,5108132
114712,5109504
114756,5110888
114801,5112264
114844,5113636
114901,5115400
114945,5116776
114996,5118472
115040,5119852
115084,5121232
115128,5122612
115172,5123984
115216,5125368
115264,5126828
115308,5128252
115352,5129632
115396,5131012
115440,5132396
115484,5133776
115528,5135148
115572,5136532
115616,5137908
115660,5139280
115704,5140668
115748,5142052
115793,5143428
115836,5144816
115881,5146192
115924,5147564
115968,5148948
116012,5150320
116056,5151700
116100,5153084
116144,5154428
116193,5155976
116236,5157360
116280,5158700
116324,5160116
116368,5161492
116413,5162868
116456,5164252
116500,5165628
116544,5166972
116592,5168520
116636,5169900
116680,5171280
116724,5172660
116768,5174012
116813,5175416
116856,5176792
116900,5178132
116944,5179552
116985,5180880
117029,5182256
117072,5183644
117116,5185020
117160,5186388
117204,5187772
117248,5189148
117305,5190908
117349,5192288
117393,5193668
117437,5195056
117480,5196428
117524,5197804
117568,5199188
117612,5200556
117657,5201944
117701,5203324
117761,5205212
117813,5206836
117872,5208720
117916,5210096
117960,5211476
118004,5212848
118048,5214232
118101,5215860
118177,5218248
118221,5219632
118272,5221260
118316,5222644
118364,5224136
118408,5225516
118452,5226896
118500,5228396
118580,5230916
118624,5232292
118669,5233680
118712,5235056
118756,5236428
118800,5237808
118845,5239184
118901,5240944
118977,5243332
119021,5244704
119065,5246092
119108,5247468
119152,5248840
119196,5250224
119241,5251600
119289,5253100
119333,5254488
119377,5255864
119424,5257376
119472,5258876
119516,5260252
119560,5261636
119604,5263004
119648,5264380
119713,5266392
119777,5268404
119820,5269788
119864,5271164
119908,5272540
119952,5273924
120000,5275416
120045,5276800
120100,5278552
120176,5280944
120221,5282328
120265,5283700
120308,5285084
120352,5286460
120396,5287828
120441,5289212
120484,5290612
120528,5291992
120573,5293416
120613,5294732
120661,5296244
120704,5297624
120748,5298992
120793,5300376
120836,5301752
120897,5303632
120941,5305012
120984,5306396
121028,5307776
121072,5309152
121116,5310536
121160,5311912
121204,5313280
121248,5314664
121293,5316044
121337,5317420
121381,5318812
121424,5320188
121473,5321692
121516,5323072
121560,5324444
121604,5325816
121673,5327956
121717,5329336
121773,5331096
121816,5332476
121869,5334108
121912,5335484
121956,5336856
122001,5338236
122044,5339612
122089,5340988
122173,5343636
122217,5345008
122261,5346396
122304,5347772
122348,5349144
122396,5350652
122445,5352148
122497,5353784
122576,5356292
122620,5357680
122665,5359060
122708,5360428
122752,5361812
122797,5363188
122841,5364560
122885,5365944
122945,5367828
122989,5369212
123033,5370584
123076,5371972
123120,5373344
123165,5374720
123208,5376100
123273,5378104
123321,5379612
123376,5381372
123424,5382872
123469,5384260
123512,5385636
123556,5387004
123600,5388384
123644,5389764
123689,5391136
123773,5393784
123817,5395156
123861,5396544
123904,5397920
123948,5399292
123996,5400796
124041,5402176
124085,5403548
124129,5404936
124172,5406312
124217,5407692
124265,5409204
124308,5410576
124352,5411956
124396,5413332
124440,5414704
124493,5416340
124576,5418972
124620,5420360
124665,5421736
124708,5423116
124752,5424492
124796,5425860
124841,5427244
124885,5428624
124965,5431132
125009,5432520
125053,5433896
125097,5435272
125141,5436652
125185,5438028
125233,5439528
125277,5440908
125325,5442408
125364,5443728
125408,5445112
125452,5446464
125496,5447868
125540,5449240
125585,5450612
125628,5451996
125673,5453372
125716,5454748
125760,5456132
125804,5457512
125848,5458856
125892,5460272
125936,5461624
125980,5463020
126024,5464404
126068,5465776
126113,5467164
126156,5468540
126200,5469900
126244,5471304
126288,5472676
126332,5474052
126376,5475432
126420,5476812
126464,5478184
126505,5479512
126568,5481520
126613,5482904
126665,5484528
126708,5485908
126752,5487276
126797,5488660
126840,5490036
126893,5491660
126969,5494056
127012,5495428
127064,5497064
127108,5498440
127152,5499808
127197,5501192
127241,5502564
127289,5504072
127373,5506708
127416,5508084
127464,5509596
127508,5510964
127552,5512348
127597,5513724
127641,5515092
127689,5516604
127737,5518108
127780,5519492
127825,5520872
127868,5522244
127912,5523628
127956,5525004
128000,5526368
128045,5527752
128093,5529252
128169,5531640
128216,5533148
128261,5534524
128304,5535904
128348,5537280
128392,5538648
128437,5540032
128493,5541784
128541,5543296
128593,5544920
128641,5546432
128684,5547804
128728,5549184
128772,5550560
128817,5551928
128861,5553316
128905,5554696
128977,5556952
129020,5558336
129064,5559716
129108,5561084
129152,5562468
129196,5563844
129241,5565212
129297,5566976
129361,5568984
129405,5570360
129453,5571868
129496,5573240
129540,5574616
129584,5575996
129628,5577364
129673,5578748
129724,5580400
129769,5581784
129813,5583204
129856,5584540
129901,5585960
129944,5587332
129988,5588704
130032,5590088
130076,5591464
130121,5592840
130165,5594228
130209,5595612
130252,5596964
130296,5598364
130340,5599740
130384,5601108
130428,5602492
130472,5603872
130516,5605212
130560,5606632
130601,5607956
130661,5609840
130704,5611208
130748,5612592
130792,5613964
130836,5615336
130885,5616848
130965,5619352
131009,5620732
131065,5622488
131108,5623868
131152,5625244
131196,5626612
131240,5627996
131288,5629504
131365,5631884
131409,5633268
131453,5634648
131496,5636020
131540,5637400
131588,5638896
131633,5640276
131685,5641904
131768,5644548
131816,5646044
131860,5647432
131904,5648808
131948,5650176
131992,5651556
132037,5652932
132089,5654564
132168,5657076
132212,5658452
132261,5659964
132304,5661332
132348,5662708
132392,5664088
132437,5665460
132485,5666972
132565,5669476
132612,5670988
132657,5672368
132700,5673736
132744,5675120
132788,5676492
132833,5677864
132889,5679628
132949,5681512
132997,5683012
133053,5684772
133096,5686144
133140,5687524
133189,5689020
133233,5690400
133281,5691908
133365,5694544
133409,5695924
133453,5697296
133496,5698680
133540,5700056
133585,5701428
133628,5702808
133693,5704816
133757,5706828
133801,5708204
133853,5709836
133896,5711212
133940,5712580
133988,5714088
134033,5715464
134089,5717220
134168,5719728
134212,5721112
134261,5722616
134304,5723988
134348,5725368
134393,5726744
134437,5728112
134485,5729624
134533,5731128
134576,5732512
134620,5733892
134665,5735268
134708,5736648
134752,5738024
134796,5739392
134840,5740776
134881,5742088
134924,5743428
134977,5745100
135020,5746480
135064,5747856
135108,5749236
135152,5750604
135196,5751988
135240,5753368
135284,5754720
135328,5756124
135377,5757628
135420,5759012
135464,5760388
135508,5761764
135552,5763140
135596,5764520
135640,5765892
135684,5767276
135728,5768652
135777,5770156
135820,5771544
135864,5772880
135908,5774292
135952,5775672
135997,5777044
136040,5778420
136084,5779804
136128,5781148
136177,5782696
136220,5784076
136264,5785412
136308,5786828
136352,5788204
136396,5789576
136440,5790960
136488,5792424
136532,5793844
136580,5795352
136624,5796724
136668,5798108
136712,5799484
136756,5800852
136800,5802236
136848,5803696
136892,5805116
136936,5806496
136980,5807876
137024,5809260
137068,5810636
137112,5812008
137156,5813388
137200,5814768
137244,5816136
137288,5817520
137332,5818900
137380,5820404
137424,5821792
137468,5823160
137512,5824544
137556,5825920
137600,5827288
137644,5828672
137688,5830048
137732,5831392
137777,5832812
137820,5834196
137864,5835532
137908,5836948
137952,5838324
137997,5839696
138040,5841076
138084,5842456
138128,5843796
138173,5845220
138216,5846600
138260,5847952
138304,5849352
138349,5850724
138393,5852100
138436,5853484
138480,5854836
138524,5856200
138580,5857992
138624,5859380
138668,5860752
138712,5862124
138756,5863504
138800,5864884
138844,5866252
138888,5867636
138932,5869016
138980,5870520
139024,5871908
139068,5873260
139112,5874652
139156,5876036
139200,5877404
139244,5878780
139288,5880164
139332,5881508
139377,5882928
139420,5884308
139464,5885660
139508,5887060
139552,5888436
139596,5889808
139640,5891188
139684,5892568
139728,5893908
139776,5895456
139820,5896828
139864,5898172
139908,5899588
139952,5900956
139996,5902332
140040,5903716
140084,5905088
140128,5906472
140180,5908100
140224,5909480
140268,5910860
140312,5912232
140356,5913616
140400,5914992
140444,5916360
140488,5917744
140532,5919124
140576,5920500
140620,5921888
140664,5923260
140708,5924636
140752,5926016
140796,5927392
140840,5928760
140884,5930144
140928,5931524
140977,5933024
141020,5934416
141064,5935748
141108,5937164
141152,5938540
141196,5939912
141240,5941292
141284,5942668
141328,5944012
141377,5945556
141420,5946940
141464,5948272
141508,5949688
141556,5951184
141600,5952564
141644,5953940
141688,5955316
141732,5956700
141777,5958084
141820,5959456
141864,5960836
141908,5962216
141952,5963580
141996,5964964
142040,5966344
142084,5967712
142128,5969100
142180,5970724
142224,5972112
142268,5973488
142312,5974856
142356,5976240
142400,5977612
142444,5978984
142488,5980368
142532,5981748
142577,5983124
142620,5984512
142668,5986004
142712,5987388
142756,5988760
142800,5990132
142844,5991512
142888,5992892
142932,5994232
142980,5995776
143028,5997276
143072,5998656
143116,6000032
143160,6001364
143204,6002784
143248,6004156
143293,6005532
143336,6006920
143380,6008300
143424,6009672
143468,6011052
143512,6012428
143556,6013796
143600,6015180
143644,6016556
143688,6017928
143732,6019312
143780,6020816
143824,6022200
143868,6023576
143912,6024944
143956,6026324
144000,6027700
144044,6029068
144088,6030452
144132,6031832
144180,6033332
144224,6034720
144268,6036088
144312,6037464
144356,6038844
144400,6040212
144444,6041588
144488,6042972
144532,6044312
144577,6045732
144620,6047116
144664,6048448
144708,6049864
144752,6051236
144796,6052608
144840,6053988
144884,6055364
144928,6056704
144968,6058068
145012,6059444
145056,6060820
145100,6062200
145144,6063576
145188,6064940
145232,6066324
145289,6068072
145337,6069584
145397,6071464
145445,6072960
145488,6074336
145532,6075716
145576,6077084
145621,6078460
145665,6079844
145753,6082604
145797,6083980
145857,6085860
145900,6087232
145944,6088600
145989,6089980
146033,6091352
146081,6092860
146145,6094868
146197,6096488
146257,6098376
146300,6099740
146344,6101120
146388,6102496
146432,6103864
146481,6105372
146561,6107876
146608,6109384
146657,6110884
146700,6112260
146744,6113636
146788,6115004
146832,6116384
146885,6118008
146945,6119896
146997,6121524
147049,6123144
147092,6124520
147136,6125900
147180,6127268
147225,6128648
147277,6130272
147364,6133032
147408,6134404
147457,6135916
147500,6137288
147544,6138656
147589,6140036
147633,6141408
147685,6143040
147737,6144664
147797,6146548
147857,6148428
147900,6149792
147944,6151172
147989,6152548
148032,6153912
148089,6155676
148149,6157560
148193,6158936
148241,6160436
148285,6161812
148328,6163180
148373,6164560
148421,6166056
148465,6167428
148513,6168940
148557,6170312
148600,6171696
148657,6173444
148700,6174820
148744,6176196
148789,6177564
148832,6178940
148885,6180564
148969,6183204
149012,6184576
149057,6185956
149100,6187332
149144,6188700
149188,6190072
149232,6191452
149285,6193076
149361,6195464
149408,6196960
149456,6198468
149500,6199840
149544,6201208
149588,6202588
149632,6203960
149685,6205592
149761,6207972
149804,6209344
149849,6210728
149892,6212100
149936,6213468
149981,6214848
150025,6216220
150077,6217848
150129,6219472
150173,6220856
150216,6222232
150260,6223604
150304,6224980
150348,6226356
150392,6227720
150437,6229100
150476,6230412
150520,6231752
150573,6233420
150616,6234792
150660,6236148
150704,6237548
150748,6238912
150792,6240296
150836,6241668
150880,6243036
150924,6244420
150973,6245928
151016,6247300
151060,6248676
151104,6250052
151148,6251420
151193,6252800
151240,6254292
151284,6255672
151328,6257052
151373,6258428
151416,6259812
151460,6261180
151504,6262552
151548,6263928
151592,6265304
151636,6266672
151680,6268052
151724,6269432
151773,6270932
151816,6272316
151860,6273664
151904,6275056
151948,6276432
151992,6277804
152036,6279184
152080,6280556
152124,6281896
152173,6283440
152216,6284820
152260,6286168
152304,6287564
152348,6288936
152392,6290304
152436,6291688
152480,6293060
152524,6294400
152572,6295944
152616,6297316
152660,6298692
152704,6300068
152748,6301432
152792,6302816
152836,6304188
152880,6305556
152924,6306940
152969,6308320
153012,6309692
153056,6311068
153100,6312448
153144,6313812
153189,6315192
153232,6316568
153277,6317936
153320,6319316
153373,6320940
153416,6322328
153460,6323696
153504,6325068
153548,6326444
153592,6327820
153636,6329184
153680,6330564
153724,6331940
153769,6333316
153813,6334700
153856,6336072
153900,6337440
153944,6338816
153989,6340192
154032,6341560
154076,6342940
154120,6344296
154165,6345692
154212,6347200
154256,6348552
154300,6349948
154344,6351320
154389,6352688
154432,6354068
154477,6355444
154520,6356816
154576,6358576
154620,6359948
154664,6361328
154708,6362700
154752,6364068
154796,6365448
154840,6366816
154884,6368192
154928,6369572
154976,6371072
155020,6372456
155064,6373828
155108,6375196
155152,6376580
155196,6377952
155240,6379316
155284,6380700
155328,6382080
155373,6383452
155416,6384836
155460,6386208
155504,6387580
155548,6388956
155593,6390332
155636,6391700
155680,6393080
155725,6394456
155773,6395960
155816,6397340
155860,6398688
155904,6400088
155948,6401460
155992,6402828
156036,6404208
156080,6405584
156124,6406920
156172,6408464
156216,6409836
156260,6411192
156304,6412592
156348,6413956
156393,6415332
156436,6416712
156480,6418080
156524,6419424
156573,6420968
156616,6422340
156660,6423716
156704,6425096
156748,6426460
156792,6427844
156836,6429216
156881,6430652
156945,6432660
156993,6434168
157049,6435920
157092,6437292
157136,6438660
157180,6440040
157225,6441412
157269,6442784
157357,6445548
157404,6447044
157453,6448552
157496,6449916
157540,6451296
157585,6452668
157628,6454036
157677,6455544
157729,6457168
157777,6458676
157821,6460048
157864,6461424
157908,6462804
157952,6464168
157996,6465548
158073,6467928
158121,6469424
158164,6470808
158208,6472184
158252,6473556
158296,6474936
158340,6476308
158384,6477676
158428,6479052
158481,6480676
158529,6482188
158573,6483560
158617,6484936
158660,6486320
158704,6487684
158749,6489056
158792,6490436
158860,6492560
158932,6494832
158976,6496248
159020,6497632
159064,6499000
159108,6500376
159152,6501748
159196,6503124
159240,6504496
159284,6505880
159328,6507216
159372,6508636
159416,6510016
159460,6511384
159504,6512764
159548,6514136
159592,6515504
159636,6516884
159680,6518260
159724,6519600
159769,6521020
159812,6522400
159856,6523748
159900,6525148
159944,6526520
159988,6527892
160032,6529272
160077,6530644
160120,6531984
160165,6533404
160208,6534776
160252,6536132
160296,6537532
160340,6538896
160389,6540404
160432,6541780
160476,6543152
160520,6544536
160569,6546036
160612,6547416
160656,6548792
160700,6550164
160744,6551520
160788,6552920
160832,6554288
160876,6555672
160920,6557048
160960,6558364
161004,6559748
161048,6561128
161092,6562496
161136,6563876
161180,6565252
161224,6566620
161277,6568256
161353,6570632
161400,6572144
161448,6573644
161492,6575012
161536,6576392
161581,6577764
161624,6579136
161669,6580520
161725,6582276
161769,6583656
161812,6585028
161856,6586412
161900,6587788
161945,6589156
161988,6590532
162053,6592536
162101,6594044
162153,6595676
162200,6597180
162245,6598552
162288,6599932
162336,6601424
162380,6602804
162425,6604180
162469,6605552
162521,6607192
162564,6608560
162609,6609948
162652,6611324
162696,6612692
162740,6614076
162784,6615448
162829,6616816
162881,6618452
162961,6620956
163005,6622340
163049,6623720
163092,6625088
163136,6626468
163180,6627844
163224,6629208
163277,6630848
163353,6633224
163400,6634736
163449,6636232
163492,6637612
163536,6638988
163580,6640356
163624,6641736
163681,6643484
163737,6645248
163781,6646620
163849,6648748
163892,6650128
163936,6651496
163980,6652872
164024,6654252
164073,6655752
164129,6657516
164189,6659396
164249,6661276
164292,6662648
164336,6664016
164381,6665400
164425,6666772
164469,6668144
164517,6669656
164560,6671032
164604,6672416
164648,6673792
164692,6675160
164736,6676540
164781,6677916
164824,6679284
164869,6680668
164949,6683180
164992,6684548
165049,6686304
165092,6687680
165136,6689056
165180,6690424
165224,6691800
165269,6693188
165321,6694812
165365,6696196
165413,6697692
165457,6699080
165500,6700452
165545,6701820
165588,6703200
165641,6704820
165689,6706328
165756,6708464
165801,6709840
165848,6711344
165892,6712716
165936,6714084
165981,6715464
166025,6716840
166081,6718592
166153,6720852
166200,6722348
166248,6723860
166292,6725224
166336,6726600
166380,6727980
166424,6729344
166469,6730724
166541,6732992
166589,6734488
166641,6736120
166688,6737612
166732,6738992
166777,6740368
166820,6741736
166877,6743496
166953,6745872
167000,6747380
167045,6748760
167088,6750128
167132,6751508
167177,6752876
167221,6754248
167281,6756128
167329,6757640
167373,6759012
167417,6760388
167460,6761772
167504,6763136
167548,6764512
167592,6765892
167649,6767644
167709,6769516
167757,6771028
167800,6772400
167848,6773908
167892,6775280
167936,6776648
167981,6778028
168025,6779400
168077,6781032
168133,6782780
168185,6784416
168245,6786292
168292,6787784
168336,6789164
168381,6790536
168424,6791904
168477,6793540
168556,6796040
168600,6797424
168649,6798928
168692,6800292
168736,6801672
168784,6803164
168829,6804544
168873,6805924
168956,6808548
169000,6809932
169048,6811428
169092,6812808
169136,6814180
169180,6815548
169224,6816928
169269,6818304
169317,6819804
169361,6821188
169404,6822556
169449,6823944
169492,6825316
169536,6826680
169580,6828060
169624,6829432
169677,6831056
169725,6832568
169773,6834064
169816,6835444
169864,6836944
169908,6838320
169957,6839820
170005,6841308
170053,6842816
170109,6844572
170156,6846068
170200,6847444
170248,6848952
170292,6850320
170336,6851700
170381,6853072
170424,6854440
170477,6856076
170553,6858448
170600,6859956
170645,6861336
170688,6862700
170732,6864080
170776,6865452
170820,6866820
170865,6868204
170937,6870460
170985,6871956
171041,6873708
171084,6875080
171128,6876460
171177,6877952
171220,6879328
171289,6881460
171353,6883464
171404,6885084
171448,6886468
171492,6887840
171536,6889204
171580,6890584
171625,6891960
171669,6893332
171749,6895844
171793,6897220
171849,6898972
171892,6900340
171936,6901712
171980,6903088
172025,6904456
172069,6905832
172141,6908096
172189,6909592
172241,6911224
172288,6912716
172332,6914096
172376,6915468
172421,6916836
172489,6918964
172556,6921092
172600,6922476
172648,6923972
172692,6925352
172736,6926724
172780,6928088
172825,6929468
172881,6931216
172941,6933096
172985,6934472
173029,6935856
173073,6937224
173117,6938596
173161,6939976
173204,6941340
173269,6943344
173317,6944852
173360,6946232
173404,6947600
173448,6948984
173492,6950356
173536,6951720
173580,6953100
173624,6954472
173677,6956104
173749,6958360
173792,6959728
173845,6961360
173888,6962736
173932,6964100
173976,6965480
174020,6966852
174077,6968608
174153,6970980
174196,6972356
174245,6973864
174288,6975228
174332,6976612
174376,6977984
174421,6979348
174481,6981228
174553,6983484
174597,6984864
174645,6986360
174688,6987732
174732,6989112
174777,6990480
174820,6991852
174873,6993484
174949,6995860
174992,6997244
175049,6998992
175092,7000368
175136,7001736
175180,7003108
175225,7004488
175277,7006108
175349,7008372
175393,7009748
175437,7011116
175480,7012496
175524,7013868
175568,7015236
175613,7016612
175656,7017992
175701,7019364
175753,7021000
175797,7022368
175841,7023752
175884,7025124
175928,7026488
175973,7027868
176021,7029360
176069,7030868
176153,7033492
176196,7034868
176252,7036620
176296,7038000
176340,7039372
176384,7040740
176429,7042116
176473,7043496
176556,7046120
176600,7047504
176648,7049000
176692,7050376
176736,7051748
176780,7053116
176825,7054496
176869,7055872
176949,7058372
176993,7059756
177032,7061064
177076,7062432
177120,7063808
177165,7065180
177208,7066552
177253,7067932
177297,7069304
177340,7070644
177384,7072064
177428,7073420
177472,7074808
177516,7076188
177560,7077552
177604,7078936
177648,7080308
177697,7081808
177740,7083188
177784,7084568
177828,7085920
177872,7087320
177916,7088692
177960,7090056
178004,7091436
178048,7092812
178093,7094184
178136,7095568
178180,7096940
178224,7098316
178268,7099696
178312,7101064
178356,7102436
178400,7103820
178444,7105188
178488,7106568
178532,7107944
178576,7109320
178620,7110704
178664,7112076
178708,7113444
178752,7114824
178796,7116200
178840,7117568
178884,7118948
178928,7120328
178972,7121700
179016,7123084
179060,7124456
179104,7125824
179148,7127200
179192,7128580
179236,7129928
179280,7131328
179324,7132704
179368,7134080
179412,7135464
179456,7136840
179500,7138204
179544,7139584
179592,7141080
179636,7142456
179680,7143836
179724,7145172
179768,7146592
179812,7147972
179856,7149320
179900,7150720
179944,7152092
179988,7153460
180032,7154840
180076,7156216
180120,7157556
180164,7158972
180208,7160352
180252,7161704
180296,7163100
180340,7164472
180385,7165844
180428,7167224
180476,7168716
180520,7170100
180568,7171608
180612,7172980
180656,7174356
180700,7175732
180744,7177100
180788,7178480
180832,7179852
180876,7181224
180920,7182608
180965,7183980
181008,7185360
181052,7186736
181096,7188108
181140,7189480
181185,7190864
181228,7192228
181272,7193612
181316,7194988
181364,7196488
181408,7197876
181452,7199244
181496,7200616
181540,7201992
181585,7203368
181628,7204736
181672,7206116
181716,7207496
181764,7209000
181804,7210320
181849,7211692
181892,7213068
181936,7214440
181980,7215808
182025,7217188
182069,7218568
182149,7221068
182196,7222576
182241,7223948
182284,7225320
182328,7226700
182372,7228064
182416,7229436
182477,7231316
182545,7233448
182589,7234832
182637,7236328
182680,7237704
182724,7239080
182769,7240444
182813,7241824
182869,7243572
182952,7246212
182996,7247580
183045,7249088
183088,7250460
183132,7251828
183176,7253208
183221,7254580
183269,7256084
183333,7258084
183381,7259592
183441,7261468
183484,7262836
183528,7264208
183572,7265588
183617,7266956
183661,7268332
183752,7271216
183796,7272600
183844,7274096
183888,7275464
183932,7276844
183977,7278216
184020,7279584
184073,7281220
184148,7283596
184196,7285104
184241,7286476
184284,7287856
184328,7289228
184372,7290592
184417,7291972
184485,7294100
184549,7296108
184592,7297544
184636,7298896
184680,7300292
184724,7301664
184768,7303032
184812,7304416
184856,7305788
184901,7307160
184944,7308544
184993,7310048
185036,7311424
185081,7312800
185124,7314164
185168,7315544
185212,7316924
185256,7318288
185300,7319676
185345,7321052
185392,7322552
185436,7323932
185480,7325300
185524,7326672
185568,7328052
185612,7329420
185656,7330796
185700,7332180
185744,7333536
185789,7334940
185832,7336312
185876,7337684
185920,7339060
185964,7340432
186008,7341804
186052,7343184
186096,7344560
186145,7346128
186189,7347512
186233,7348884
186276,7350256
186320,7351636
186364,7353004
186408,7354380
186469,7356256
186548,7358768
186592,7360140
186640,7361648
186684,7363020
186728,7364388
186772,7365768
186816,7367140
186865,7368636
186948,7371276
186992,7372644
187040,7374156
187084,7375520
187128,7376892
187172,7378272
187216,7379640
187265,7381148
187345,7383648
187392,7385160
187440,7386660
187484,7388028
187528,7389404
187572,7390776
187616,7392144
187665,7393656
187745,7396156
187789,7397540
187833,7398916
187876,7400284
187920,7401660
187969,7403152
188012,7404524
188069,7406280
188113,7407664
188157,7409044
188201,7410412
188244,7411796
188288,7413168
188332,7414532
188376,7415912
188421,7417288
188469,7418784
188548,7421296
188592,7422668
188640,7424176
188684,7425548
188728,7426916
188773,7428296
188817,7429668
188861,7431040
188948,7433804
188992,7435172
189041,7436684
189084,7438048
189128,7439428
189173,7440800
189216,7442168
189273,7443928
189345,7446176
189389,7447560
189444,7449308
189488,7450684
189532,7452056
189576,7453424
189645,7455548
189741,7458556
189785,7459940
189833,7461444
189876,7462812
189920,7464188
189968,7465680
190013,7467060
190065,7468680
190145,7471196
190188,7472572
190233,7473944
190276,7475320
190320,7476692
190364,7478060
190409,7479440
190473,7481444
190544,7483700
190589,7485072
190641,7486704
190684,7488076
190728,7489444
190772,7490820
190821,7492316
190873,7493948
190945,7496208
190989,7497576
191037,7499088
191080,7500452
191124,7501832
191168,7503204
191213,7504572