16696528,0.00
16697276,0.00
16698032,0.00
16698788,0.00
16699540,0.00
16700292,0.00
16701044,0.00
16701800,0.00
16702556,0.00
16703304,0.00
16704060,0.00
16704812,0.00
16705568,0.00
16706316,0.00
16707072,0.00
16707824,0.00
16708572,0.00
16709328,0.00
16710084,0.00
16710840,0.00
16711588,0.00
16712344,0.00
16713096,0.00
16713852,0.00
16714600,0.00
16715352,0.00
16716108,0.00
16716864,0.00
16717608,0.00
16718364,0.00
16719116,0.00
16719868,0.00
16720620,0.00
16721376,0.00
16722128,0.00
16722876,0.00
16723632,0.00
16724384,0.00
16725140,0.00
16725888,0.00
16726644,0.00
16727396,0.00
16728152,0.00
16728900,0.00
16729652,0.00
16730408,0.00
16731160,0.00
16731912,0.00
16732664,0.00
16733420,0.00
16734168,0.00
16734924,0.00
16735676,0.00
16736432,0.00
16737180,0.00
16737936,0.00
16738692,0.00
16739444,0.00
16740192,0.00
16740948,0.00
16741704,0.00
16742460,0.00
16743204,0.00
16743960,0.00
16744716,0.00
16745464,0.00
16746216,0.00
16746972,0.00
16747728,0.00
16748476,0.00
16749232,0.00
16749984,0.00
16750740,0.00
16751488,0.00
16752244,0.00
16753000,0.00
16753752,0.00
16754504,0.00
16755256,0.00
16756012,0.00
16756764,0.00
16757516,0.00
16758268,0.00
16759024,0.00
16759772,0.00
16760528,0.00
16761284,0.00
16762040,0.00
16762788,0.00
16763544,0.00
16764296,0.00
16765052,0.00
16765800,0.00
16766556,0.00
16767312,0.00
16768068,0.00
16768816,0.00
16769568,0.00
16770324,0.00
16771076,0.00
16771828,0.00
16772584,0.00
16773336,0.00
16774084,0.00
16774840,0.00
16775596,0.00
16776348,0.00
16777096,0.00
16777852,0.00
16778608,0.00
16779364,0.00
16780112,0.00
16780868,0.00
16781620,0.00
16782376,0.00
16783124,0.00
16783880,0.00
16784636,0.00
16785384,0.00
16786140,0.00
16786896,0.00
16787652,0.00
16788400,0.00
16789156,0.00
16789912,0.00
16790668,0.00
16791416,0.00
16792172,0.00
16792928,0.00
16793684,0.00
16794432,0.00
16795184,0.00
16795940,0.00
16796692,0.00
16797440,0.00
16798196,0.00
16798952,0.00
16799700,0.00
16800456,0.00
16801208,0.00
16801960,0.00
16802708,0.00
16803460,0.00
16804216,0.00
16804968,0.00
16805716,0.00
16806468,0.00
16807224,0.00
16807976,0.00
16808724,0.00
16809480,0.00
16810232,0.00
16810980,0.00
16811736,0.00
16812488,0.00
16813244,0.00
16813992,0.00
16814748,0.00
16815500,0.00
16816256,0.00
16817004,0.00
16817756,0.00
16818512,0.00
16819264,0.00
16820012,0.00
16820764,0.00
16821520,0.00
16822268,0.00
16823024,0.00
16823776,0.00
16824532,0.00
16825280,0.00
16826036,0.00
16826788,0.00
16827544,0.00
16828292,0.00
16829044,0.00
16829800,0.00
16830556,0.00
16831304,0.00
16832060,0.00
16832812,0.00
16833568,0.00
16834316,0.00
16835072,0.00
16835824,0.00
16836572,0.00
16837328,0.00
16838080,0.00
16838836,0.00
16839584,0.00
16840340,0.00
16841092,0.00
16841848,0.00
16842596,0.00
16843348,0.00
16844104,0.00
16844860,0.00
16845608,0.00
16846360,0.00
16847116,0.00
16847864,0.00
16848616,0.00
16849372,0.00
16850128,0.00
16850876,0.00
16851628,0.00
16852384,0.00
16853140,0.00
16853888,0.00
16854640,0.00
16855396,0.00
16856152,0.00
16856900,0.00
16857656,0.00
16858408,0.00
16859160,0.00
16859912,0.00
16860668,0.00
16861420,0.00
16862172,0.00
16862924,0.00
16863680,0.00
16864436,0.00
16865184,0.00
16865940,0.00
16866692,0.00
16867448,0.00
16868196,0.00
16868952,0.00
16869708,0.00
16870464,0.00
16871212,0.00
16871964,0.00
16872720,0.00
16873468,0.00
16874224,0.00
16874980,0.00
16875736,0.00
16876484,0.00
16877240,0.00
16877992,0.00
16878748,0.00
16879496,0.00
16880252,0.00
16881008,0.00
16881760,0.00
16882508,0.00
16883264,0.00
16884016,0.00
16884772,0.00
16885520,0.00
16886276,0.00
16887028,0.00
16887776,0.00
16888532,0.00
16889288,0.00
16890044,0.00
16890792,0.00
16891548,0.00
16892300,0.00
16893056,0.00
16893804,0.00
16894560,0.00
16895316,0.00
16896072,0.00
16896820,0.00
16897572,0.00
16898324,0.00
16899080,0.00
16899828,0.00
16900580,0.00
16901336,0.00
16902084,0.00
16902836,0.00
16903592,0.00
16904344,0.00
16905092,0.00
16905848,0.00
16906600,0.00
16907356,0.00
16908104,0.00
16908860,0.00
16909612,0.00
16910364,0.00
16911116,0.00
16911872,0.00
16912624,0.00
16913372,0.00
16914128,0.00
16914884,0.00
16915636,0.00
16916388,0.00
16917140,0.00
16917896,0.00
16918652,0.00
16919400,0.00
16920152,0.00
16920908,0.00
16921664,0.00
16922412,0.00
16923164,0.00
16923920,0.00
16924668,0.00
16925420,0.00
16926176,0.00
16926932,0.00
16927680,0.00
16928436,0.00
16929188,0.00
16929944,0.00
16930692,0.00
16931448,0.00
16932200,0.00
16932956,0.00
16933704,0.00
16934460,0.00
16935212,0.00
16935968,0.00
16936716,0.00
16937472,0.00
16938228,0.00
16938976,0.00
16939732,0.00
16940488,0.00
16941244,0.00
16941992,0.00
16942748,0.00
16943500,0.00
16944256,0.00
16945008,0.00
16945760,0.00
16946516,0.00
16947272,0.00
16948020,0.00
16948776,0.00
16949528,0.00
16950284,0.00
16951032,0.00
16951788,0.00
16952544,0.00
16953296,0.00
16954048,0.00
16954804,0.00
16955560,0.00
16956308,0.00
16957064,0.00
16957820,0.00
16958576,0.00
16959324,0.00
16960080,0.00
16960832,0.00
16961588,0.00
16962336,0.00
16963088,0.00
16963844,0.00
16964592,0.00
16965344,0.00
16966100,0.00
16966856,0.00
16967604,0.00
16968356,0.00
16969112,0.00
16969868,0.00
16970616,0.00
16971368,0.00
16972124,0.00
16972880,0.00
16973628,0.00
16974380,0.00
16975136,0.00
16975892,0.00
16976640,0.00
16977392,0.00
16978148,0.00
16978896,0.00
16979652,0.00
16980408,0.00
16981160,0.00
16981908,0.00
16982664,0.00
16983420,0.00
16984176,0.00
16984924,0.00
16998076,3.60
16998832,3.60
17006532,7.20
17007292,7.20
17013132,10.80
17018624,14.40
17023444,18.00
17027780,21.60
17031692,25.20
17035336,28.80
17038712,32.40
17041932,36.00
17044860,39.60
17047672,43.20
17050336,46.80
17052884,50.40
17055324,54.00
17057664,57.60
17059924,61.20
17062136,64.80
17064276,68.40
17066340,72.00
17068356,75.60
17070316,79.20
17072236,82.80
17074092,86.40
17075924,90.00
17077720,93.60
17079472,97.20
17081200,100.80
17082868,104.40
17084548,108.00
17086132,111.60
17087716,115.20
17089260,118.80
17090792,122.40
17092284,126.00
17093748,129.60
17095188,133.20
17096600,136.80
17098000,140.40
17099380,144.00
17100752,147.60
17102104,151.20
17103428,154.80
17104752,158.40
17106048,162.00
17107336,165.60
17108608,169.20
17109864,172.80
17111120,176.40
17112360,180.00
17113584,183.60
17114804,187.20
17115988,190.80
17117172,194.40
17118348,198.00
17119516,201.60
17120672,205.20
17121808,208.80
17122944,212.40
17124068,216.00
17125180,219.60
17126292,223.20
17127392,226.80
17128484,230.40
17129576,234.00
17130660,237.60
17131724,241.20
17132788,244.80
17133844,248.40
17134900,252.00
17135936,255.60
17136976,259.20
17138000,262.80
17139024,266.40
17140044,270.00
17141052,273.60
17142052,277.20
17143044,280.80
17144028,284.40
17145004,288.00
17145980,291.60
17146932,295.20
17147892,298.80
17148852,302.40
17149808,306.00
17150756,309.60
17151708,313.20
17152652,316.80
17153600,320.40
17154548,324.00
17156268,331.20
17157204,334.80
17158152,338.40
17159848,345.60
17160792,349.20
17162496,356.40
17163432,360.00
17165100,367.20
17166032,370.80
17167660,378.00
17168588,381.60
17170188,388.80
17171120,392.40
17172680,399.60
17174316,406.80
17175936,414.00
17177544,421.20
17179148,428.40
17180732,435.60
17182296,442.80
17183844,450.00
17185384,457.20
17186908,464.40
17188420,471.60
17189920,478.80
17191408,486.00
17192876,493.20
17194332,500.40
17195784,507.60
17197224,514.80
17198656,522.00
17200080,529.20
17201492,536.40
17202900,543.60
17204296,550.80
17205684,558.00
17207064,565.20
17208428,572.40
17209788,579.60
17211136,586.80
17212480,594.00
17213812,601.20
17215132,608.40
17216444,615.60
17217756,622.80
17219056,630.00
17220344,637.20
17221620,644.40
17222892,651.60
17224148,658.80
17225408,666.00
17226660,673.20
17227896,680.40
17229132,687.60
17230348,694.80
17231568,702.00
17232776,709.20
17233984,716.40
17235184,723.60
17236372,730.80
17237552,738.00
17238724,745.20
17239892,752.40
17241056,759.60
17242208,766.80
17243352,774.00
17244492,781.20
17245636,788.40
17246768,795.60
17247892,802.80
17249008,810.00
17250120,817.20
17251228,824.40
17252336,831.60
17253432,838.80
17254532,846.00
17255620,853.20
17256700,860.40
17257780,867.60
17258860,874.80
17259932,882.00
17261000,889.20
17262064,896.40
17263128,903.60
17264188,910.80
17265244,918.00
17266296,925.20
17267336,932.40
17268376,939.60
17269412,946.80
17270440,954.00
17271468,961.20
17272492,968.40
17273516,975.60
17274540,982.80
17275552,990.00
17276564,997.20
17277556,1004.40
17279044,1015.20
17280532,1026.00
17281560,1033.20
17282988,1044.00
17284016,1052.10
17285420,1062.00
17286868,1072.80
17288316,1083.60
17289748,1094.40
17291168,1105.20
17292592,1116.00
17293988,1126.80
17295388,1137.60
17296784,1148.40
17298168,1159.20
17299544,1170.00
17300916,1180.80
17302280,1191.60
17303640,1202.40
17304992,1213.20
17306332,1224.00
17307676,1234.80
17309012,1245.60
17310340,1256.40
17311680,1267.20
17312996,1278.00
17314312,1288.80
17315624,1299.60
17316928,1310.40
17318232,1321.20
17319524,1332.00
17320812,1342.80
17322100,1353.60
17323376,1364.40
17324640,1375.20
17325908,1386.00
17327168,1396.80
17328420,1407.60
17329660,1418.40
17330908,1429.20
17332152,1440.00
17333380,1450.80
17334608,1461.60
17335820,1472.40
17337036,1483.20
17338240,1494.00
17339448,1504.80
17340652,1515.60
17341844,1526.40
17343032,1537.20
17344224,1548.00
17345396,1558.80
17346584,1569.60
17347744,1580.40
17348916,1591.20
17350080,1602.00
17351240,1612.80
17352404,1623.60
17353564,1634.40
17354720,1645.20
17355872,1656.00
17357016,1666.80
17358164,1677.60
17359304,1688.40
17360444,1699.20
17361580,1710.00
17362708,1720.80
17363836,1731.60
17364956,1742.40
17366076,1753.20
17367184,1764.00
17368288,1774.80
17369384,1785.60
17370488,1796.40
17371592,1807.20
17372700,1818.90
17374124,1832.40
17375220,1843.20
17376644,1857.60
17377740,1868.40
17379156,1882.80
17380252,1894.50
17381644,1908.00
17383052,1922.40
17384456,1936.80
17385856,1951.20
17387248,1965.60
17388644,1980.00
17390032,1994.40
17391416,2008.80
17392796,2023.20
17394172,2037.60
17395544,2052.00
17396912,2066.40
17398280,2080.80
17399632,2095.20
17400984,2109.60
17402332,2124.00
17403668,2138.40
17405004,2152.80
17406340,2167.20
17407664,2181.60
17408984,2196.00
17410288,2210.40
17411596,2224.80
17412900,2239.20
17414204,2253.60
17415504,2268.00
17416792,2282.40
17418076,2296.80
17419364,2311.20
17420640,2325.60
17421920,2340.00
17423192,2354.40
17424464,2368.80
17425728,2383.20
17426992,2397.60
17428252,2412.00
17429516,2426.40
17430760,2440.80
17432004,2455.20
17433248,2469.60
17434484,2484.00
17435712,2498.40
17436948,2512.80
17438176,2527.20
17439396,2541.60
17440616,2556.00
17441820,2570.40
17443032,2584.80
17444240,2599.20
17445440,2613.60
17446644,2628.00
17447836,2642.40
17449028,2656.80
17450220,2671.20
17451408,2685.60
17452596,2700.00
17453780,2714.40
17454960,2728.80
17456144,2743.20
17457316,2757.60
17458488,2772.00
17459668,2786.40
17460836,2800.80
17461996,2815.20
17463156,2829.60
17464316,2844.90
17465744,2862.00
17466908,2876.40
17468328,2894.40
17469484,2908.80
17470884,2926.80
17472300,2944.80
17473716,2962.80
17475124,2980.80
17476524,2998.80
17477920,3016.80
17479316,3034.80
17480716,3052.80
17482100,3070.80
17483488,3088.80
17484872,3106.80
17486252,3124.80
17487632,3142.80
17489008,3160.80
17490372,3178.80
17491744,3196.80
17493100,3214.80
17494460,3232.80
17495816,3250.80
17497160,3268.80
17498500,3286.80
17499840,3304.80
17501176,3322.80
17502508,3340.80
17503832,3358.80
17505156,3376.80
17506480,3394.80
17507800,3412.80
17509120,3430.80
17510436,3448.80
17511748,3466.80
17513060,3484.80
17514372,3502.80
17515676,3520.80
17516972,3538.80
17518268,3556.80
17519556,3574.80
17520848,3592.80
17522136,3610.80
17523416,3628.80
17524692,3646.80
17525964,3664.80
17527236,3682.80
17528504,3700.80
17529768,3718.80
17531028,3736.80
17532284,3754.80
17533540,3772.80
17534800,3790.80
17536056,3808.80
17537308,3826.80
17538556,3844.80
17539804,3862.80
17541052,3880.80
17542296,3898.80
17543532,3916.80
17544768,3934.80
17546016,3953.70
17547228,3970.80
17548472,3989.70
17549900,4010.40
17551128,4028.40
17552576,4050.00
17554028,4071.60
17555480,4093.20
17556924,4114.80
17558372,4136.40
17559816,4158.00
17561260,4179.60
17562700,4201.20
17564140,4222.80
17565576,4244.40
17567004,4266.00
17568428,4287.60
17569848,4309.20
17571268,4330.80
17572676,4352.40
17574080,4374.00
17575484,4395.60
17576880,4417.20
17578280,4438.80
17579676,4460.40
17581072,4482.00
17582464,4503.60
17583856,4525.20
17585244,4546.80
17586628,4568.40
17588016,4590.00
17589392,4611.60
17590768,4633.20
17592136,4654.80
17593508,4676.40
17594872,4698.00
17596232,4719.60
17597584,4741.20
17598944,4762.80
17600296,4784.40
17601644,4806.00
17602988,4827.60
17604332,4849.20
17605676,4870.80
17607020,4892.40
17608360,4914.00
17609696,4935.60
17611036,4957.20
17612364,4978.80
17613692,5000.40
17615016,5022.00
17616340,5043.60
17617656,5065.20
17618968,5086.80
17620280,5108.40
17621588,5130.00
17622892,5151.60
17624200,5173.20
17625500,5194.80
17626800,5216.40
17628100,5238.00
17629404,5259.60
17630704,5282.10
17632208,5306.40
17633508,5328.90
17635004,5353.20
17636500,5378.40
17638000,5403.60
17639492,5428.80
17640976,5454.00
17642460,5479.20
17643940,5504.40
17645420,5529.60
17646896,5554.80
17648372,5580.00
17649852,5605.20
17651324,5630.40
17652800,5655.60
17654272,5680.80
17655732,5706.00
17657196,5731.20
17658656,5756.40
17660112,5781.60
17661560,5806.80
17663008,5832.00
17664448,5857.20
17665892,5882.40
17667332,5907.60
17668772,5932.80
17670212,5958.00
17671648,5983.20
17673088,6008.40
17674524,6033.60
17675948,6058.80
17677376,6084.00
17678796,6109.20
17680216,6134.40
17681628,6159.60
17683036,6184.80
17684444,6210.00
17685852,6235.20
17687252,6260.40
17688660,6285.60
17690064,6310.80
17691468,6336.00
17692868,6361.20
17694268,6386.40
17695664,6411.60
17697060,6436.80
17698444,6462.00
17699836,6487.20
17701216,6512.40
17702596,6537.60
17703980,6562.80
17705356,6588.00
17706728,6613.20
17708108,6639.30
17709480,6663.60
17710856,6688.80
17712248,6714.90
17713600,6740.10
17714972,6764.40
17716532,6793.20
17717896,6819.30
17719448,6847.20
17720808,6873.30
17722160,6898.50
17723696,6926.40
17725068,6952.50
17726584,6980.40
17727956,7006.50
17729472,7034.40
17731008,7063.20
17732544,7092.00
17734080,7120.80
17735604,7149.60
17737128,7178.40
17738652,7207.20
17740172,7236.00
17741680,7264.80
17743192,7293.60
17744704,7322.40
17746208,7351.20
17747716,7380.00
17749224,7408.80
17750728,7437.60
17752232,7467.30
17753728,7495.20
17755224,7524.00
17756716,7552.80
17758216,7582.50
17759688,7610.40
17761172,7639.20
17762656,7668.00
17764128,7696.80
17765608,7725.60
17767088,7754.40
17768564,7783.20
17770040,7812.90
17771516,7840.80
17772984,7869.60
17774448,7898.40
17775916,7927.20
17777376,7956.00
17778828,7984.80
17780284,8013.60
17781736,8042.40
17783188,8071.20
17784640,8100.00
17786092,8128.80
17787544,8157.60
17788996,8187.30
17790440,8215.20
17791880,8244.00
17793324,8272.80
17794760,8301.60
17796196,8330.40
17797628,8359.20
17799064,8388.00
17800496,8416.80
17801924,8445.60
17803360,8475.30
17804788,8503.20
17806228,8532.00
17807664,8561.70
17809092,8589.60
17810696,8622.00
17812128,8650.80
17813728,8683.20
17815328,8715.60
17816932,8748.90
17818356,8777.70
17819796,8806.50
17821200,8835.30
17822624,8863.20
17824072,8892.90
17825476,8920.80
17826924,8950.50
17828340,8979.30
17829920,9010.80
17831508,9043.20
17833104,9075.60
17834540,9105.30
17836108,9136.80
17837700,9169.20
17839296,9201.60
17840716,9231.30
17842312,9262.80
17843732,9291.60
17845324,9324.00
17846916,9357.30
17848504,9388.80
17849936,9418.50
17851496,9450.00
17853084,9482.40
17854668,9514.80
17856256,9548.10
17857844,9579.60
17859436,9612.90
17861028,9644.40
17862464,9674.10
17864024,9705.60
17865612,9738.00
17867188,9770.40
17868772,9802.80
17870352,9835.20
17871932,9867.60
17873516,9900.00
17874952,9929.70
17876512,9962.10
17878100,9994.50
17879680,10026.00
17881264,10058.40
17882848,10090.80
17884420,10123.20
17886000,10155.60
17887580,10188.90
17889152,10220.40
17890728,10252.80
17892312,10286.10
17893892,10317.60
17895480,10350.90
17897056,10382.40
17898636,10414.80
17900216,10447.20
17901788,10479.60
17903364,10512.00
17904936,10544.40
17906508,10576.80
17908084,10609.20
17909664,10641.60
17911244,10674.00
17912824,10707.30
17914400,10738.80
17915976,10771.20
17917556,10804.50
17919132,10836.00
17920700,10868.40
17922268,10900.80
17923840,10933.20
17925412,10965.60
17926988,10998.00
17928564,11030.40
17930144,11063.70
17931720,11095.20
17933296,11127.60
17934868,11160.90
17936436,11192.40
17938004,11224.80
17939572,11257.20
17941144,11289.60
17942716,11322.00
17944288,11354.40
17945860,11386.80
17947440,11420.10
17949016,11451.60
17950584,11484.00
17952160,11517.30
17953724,11548.80
17955292,11581.20
17956860,11614.50
17958428,11646.00
17959996,11678.40
17961568,11711.70
17963144,11743.20
17964716,11775.60
17966292,11808.00
17967864,11840.40
17969432,11872.80
17971000,11905.20
17972564,11937.60
17974132,11970.00
17975700,12002.40
17977264,12034.80
17978836,12068.10
17980404,12099.60
17981980,12132.00
17983552,12165.30
17985124,12196.80
17986688,12229.20
17988260,12261.60
17989820,12294.00
17991388,12326.40
17992952,12358.80
17994516,12391.20
17996084,12423.60
17997656,12456.00
17999232,12488.40
18000804,12520.80
18002376,12553.20
18003944,12585.60
18005516,12618.00
18007080,12650.40
18008648,12682.80
18010212,12715.20
18011776,12747.60
18013348,12780.00
18014920,12812.40
18016488,12844.80
18018068,12878.10
18019712,12909.60
18021288,12942.00
18022848,12974.40
18024416,13006.80
18025980,13039.20
18027548,13071.60
18029116,13104.00
18030684,13136.40
18032252,13168.80
18033824,13201.20
18035392,13233.60
18036968,13266.00
18038544,13298.40
18040104,13330.80
18041672,13363.20
18043236,13395.60
18044804,13428.00
18046372,13460.40
18047936,13492.80
18049504,13525.20
18051096,13558.50
18052644,13590.00
18054220,13622.40
18055792,13654.80
18057352,13687.20
18058920,13719.60
18060484,13752.00
18062044,13784.40
18063620,13816.80
18065184,13849.20
18066748,13881.60
18068320,13914.00
18069888,13946.40
18071464,13978.80
18073036,14011.20
18074596,14043.60
18076160,14076.00
18077724,14108.40
18079292,14140.80
18080856,14173.20
18082420,14205.60
18083984,14238.00
18085556,14270.40
18087124,14302.80
18088700,14335.20
18090272,14367.60
18091832,14400.00
18093392,14432.40
18094960,14464.80
18096524,14497.20
18098088,14529.60
18099656,14562.00
18101220,14594.40
18102788,14626.80
18104356,14659.20
18105948,14692.50
18107500,14724.00
18109060,14756.40
18110628,14788.80
18112192,14821.20
18113752,14853.60
18115316,14886.00
18116884,14918.40
18118444,14950.80
18120016,14983.20
18121580,15015.60
18123152,15048.00
18124724,15080.40
18126288,15112.80
18127852,15145.20
18129412,15177.60
18130976,15210.00
18132536,15242.40
18134104,15274.80
18135664,15307.20
18137232,15339.60
18138800,15372.00
18140368,15404.40
18141940,15436.80
18143508,15469.20
18145068,15501.60
18146632,15534.00
18148192,15566.40
18149752,15598.80
18151320,15631.20
18152880,15663.60
18154448,15696.00
18156016,15728.40
18157588,15761.70
18159152,15793.20
18160720,15825.60
18162280,15858.00
18163844,15890.40
18165404,15922.80
18166964,15955.20
18168528,15987.60
18170092,16020.00
18171656,16052.40
18173224,16084.80
18174788,16117.20
18176360,16149.60
18177928,16182.00
18179488,16214.40
18181052,16246.80
18182608,16279.20
18184172,16311.60
18185736,16344.00
18187300,16376.40
18188860,16408.80
18190428,16441.20
18191996,16473.60
18193568,16506.00
18195132,16538.40
18196688,16570.80
18198252,16603.20
18199812,16635.60
18201376,16668.00
18202940,16700.40
18204500,16732.80
18206064,16765.20
18207632,16797.60
18209196,16830.00
18210764,16862.40
18212336,16894.80
18213896,16927.20
18215452,16959.60
18217012,16992.00
18218568,17024.40
18220136,17056.80
18221700,17089.20
18223256,17121.60
18224828,17154.00
18226392,17186.40
18227960,17218.80
18229532,17252.10
18231084,17283.60
18232648,17316.00
18234208,17348.40
18235768,17380.80
18237332,17413.20
18238892,17445.60
18240452,17478.00
18242016,17510.40
18243580,17542.80
18245156,17576.10
18246720,17607.60
18248276,17640.00
18249832,17672.40
18251396,17704.80
18252956,17737.20
18254516,17769.60
18256080,17802.00
18257640,17834.40
18259204,17866.80
18260768,17899.20
18262356,17932.50
18263904,17964.00
18265460,17996.40
18267024,18028.80
18268584,18061.20
18270140,18093.60
18271700,18126.00
18273264,18158.40
18274824,18190.80
18276384,18223.20
18277952,18255.60
18279516,18288.00
18281084,18320.40
18282644,18352.80
18284204,18385.20
18285764,18417.60
18287320,18450.00
18288876,18482.40
18290440,18514.80
18292000,18547.20
18293560,18579.60
18295128,18612.00
18296692,18644.40
18298256,18676.80
18299820,18709.20
18301376,18741.60
18302936,18774.00
18304492,18806.40
18306224,18842.40
18307784,18874.80
18309344,18907.20
18310904,18939.60
18312468,18972.00
18314032,19004.40
18315600,19036.80
18317164,19069.20
18318716,19101.60
18320276,19134.00
18321832,19166.40
18323388,19198.80
18324952,19231.20
18326504,19263.60
18328068,19296.00
18329632,19328.40
18331196,19360.80
18332760,19393.20
18334324,19425.60
18335880,19458.00
18337440,19490.40
18338992,19522.80
18340552,19555.20
18342112,19587.60
18343672,19620.00
18345232,19652.40
18346796,19684.80
18348356,19717.20
18349920,19749.60
18351488,19782.00
18353036,19814.40
18354596,19846.80
18356148,19879.20
18357708,19911.60
18359272,19944.00
18360828,19976.40
18362392,20009.70
18363948,20041.20
18365512,20073.60
18367076,20106.00
18368640,20138.40
18370192,20170.80
18371752,20203.20
18373304,20235.60
18374864,20268.00
18376424,20300.40
18377980,20332.80
18379536,20365.20
18381104,20397.60
18382660,20430.00
18384228,20462.40
18385792,20494.80
18387344,20527.20
18388900,20559.60
18390456,20592.00
18392008,20624.40
18393572,20656.80
18395132,20689.20
18396688,20721.60
18398252,20754.00
18399808,20786.40
18401376,20818.80
18402940,20852.10
18404492,20883.60
18406048,20916.00
18407604,20948.40
18409164,20980.80
18410720,21013.20
18412276,21045.60
18413832,21078.00
18415396,21110.40
18416956,21142.80
18418524,21176.10
18420084,21207.60
18421636,21240.00
18423188,21272.40
18424748,21304.80
18426304,21337.20
18427860,21369.60
18429420,21402.00
18430976,21435.30
18432536,21466.80
18434096,21499.20
18435680,21532.50
18437224,21564.00
18438776,21596.40
18440336,21628.80
18441888,21661.20
18443444,21693.60
18445000,21726.00
18446556,21758.40
18448116,21790.80
18449676,21823.20
18451236,21855.60
18452800,21888.00
18454360,21920.40
18455916,21952.80
18457472,21985.20
18459028,22017.60
18460584,22050.00
18462136,22082.40
18463696,22114.80
18465252,22147.20
18466812,22179.60
18468372,22212.00
18469932,22244.40
18471496,22276.80
18473056,22309.20
18474608,22341.60
18476164,22374.00
18477716,22406.40
18479272,22438.80
18480832,22471.20
18482380,22503.60
18483944,22536.00
18485504,22568.40
18487064,22600.80
18488624,22633.20
18490188,22665.60
18491736,22698.00
18493292,22730.40
18494844,22762.80
18496404,22795.20
18497960,22827.60
18499512,22860.00
18501072,22892.40
18502632,22924.80
18504188,22957.20
18505752,22989.60
18507312,23022.00
18508864,23054.40
18510420,23086.80
18511972,23119.20
18513528,23151.60
18515084,23184.00
18516640,23216.40
18518196,23248.80
18519756,23281.20
18521312,23313.60
18522876,23346.00
18524436,23378.40
18525984,23410.80
18527540,23443.20
18529092,23475.60
18530648,23508.00
18532204,23540.40
18533760,23572.80
18535316,23605.20
18536876,23637.60
18538432,23670.00
18539996,23702.40
18541556,23734.80
18543108,23767.20
18544664,23799.60
18546216,23832.00
18547764,23864.40
18549328,23896.80
18550880,23929.20
18552432,23961.60
18553996,23994.00
18555552,24026.40
18557116,24058.80
18558676,24091.20
18560224,24123.60
18561780,24156.00
18563336,24188.40
18564888,24220.80
18566444,24253.20
18568000,24285.60
18569556,24318.00
18571116,24350.40
18572672,24382.80
18574240,24416.10
18575796,24447.60
18577348,24480.00
18578896,24512.40
18580456,24544.80
18582008,24577.20
18583568,24609.60
18585124,24642.00
18586676,24674.40
18588236,24706.80
18589796,24739.20
18591376,24772.50
18592920,24804.90
18594468,24836.40
18596024,24868.80
18597580,24901.20
18599132,24933.60
18600688,24966.00
18602244,24998.40
18603800,25030.80
18605356,25063.20
18606916,25095.60
18608480,25128.00
18610040,25160.40
18611596,25192.80
18613148,25225.20
18614704,25257.60
18616256,25290.00
18617808,25322.40
18619368,25354.80
18620920,25387.20
18622484,25420.50
18624040,25452.00
18625600,25484.40
18627160,25516.80
18628720,25549.20
18630272,25581.60
18631828,25614.00
18633380,25646.40
18634932,25678.80
18636492,25711.20
18638040,25743.60
18639600,25776.00
18641164,25808.40
18642724,25840.80
18644284,25873.20
18645844,25905.60
18647392,25938.00
18648948,25970.40
18650504,26002.80
18652060,26035.20
18653616,26067.60
18655168,26100.00
18656728,26132.40
18658288,26164.80
18659844,26197.20
18661408,26229.60
18662972,26262.00
18664520,26294.40
18666076,26326.80
18667628,26359.20
18669184,26391.60
18670740,26424.00
18672296,26456.40
18673852,26488.80
18675412,26521.20
18676972,26553.60
18678536,26586.00
18680096,26618.40
18681644,26650.80
18683200,26683.20
18684756,26715.60
18686312,26748.00
18687864,26780.40
18689424,26812.80
18690976,26845.20
18692540,26877.60
18694096,26910.00
18695656,26942.40
18697224,26975.70
18698768,27007.20
18700324,27039.60
18701880,27072.00
18703428,27104.40
18704992,27136.80
18706544,27169.20
18708096,27201.60
18709660,27234.00
18711216,27266.40
18712780,27298.80
18714344,27332.10
18715892,27363.60
18717448,27396.00
18719000,27428.40
18720552,27460.80
18722108,27493.20
18723664,27525.60
18725216,27558.00
18726776,27590.40
18728336,27622.80
18729900,27655.20
18731460,27687.60
18733012,27720.00
18734560,27752.40
18736116,27784.80
18737672,27817.20
18739224,27849.60
18740780,27882.00
18742336,27914.40
18743896,27946.80
18745452,27979.20
18747032,28012.50
18748576,28044.00
18750128,28076.40
18751680,28108.80
18753236,28141.20
18754788,28173.60
18756340,28206.00
18757896,28238.40
18759452,28270.80
18761008,28303.20
18762568,28335.60
18764128,28368.00
18765688,28400.40
18767244,28432.80
18768796,28465.20
18770352,28497.60
18771904,28530.00
18773456,28562.40
18775012,28594.80
18776572,28628.10
18778128,28660.50
18779684,28692.00
18781244,28724.40
18782800,28756.80
18784360,28789.20
18785912,28821.60
18787464,28854.00
18789016,28886.40
18790568,28918.80
18792124,28951.20
18793672,28983.60
18795232,29016.00
18796792,29048.40
18798348,29080.80
18799912,29113.20
18801468,29145.60
18803016,29178.00
18804572,29210.40
18806124,29242.80
18807676,29275.20
18809232,29307.60
18810784,29340.00
18812340,29372.40
18813900,29404.80
18815452,29437.20
18817016,29469.60
18818576,29502.00
18820124,29534.40
18821676,29566.80
18823228,29599.20
18824780,29631.60
18826336,29664.00
18827892,29696.40
18829444,29728.80
18831004,29761.20
18832560,29793.60
18834124,29826.00
18835680,29858.40
18837228,29890.80
18838780,29923.20
18840332,29955.60
18841888,29988.00
18843444,30020.40
18844996,30052.80
18846544,30085.20
18848108,30117.60
18849660,30150.00
18851224,30182.40
18852784,30214.80
18854340,30247.20
18855888,30279.60
18857444,30312.00
18858984,30344.40
18860544,30376.80
18862100,30410.10
18863648,30441.60
18865208,30474.00
18866764,30506.40
18868324,30538.80
18869884,30572.10
18871440,30604.50
18872984,30636.00
18874536,30668.40
18876088,30700.80
18877640,30733.20
18879192,30765.60
18880744,30798.00
18882304,30830.40
18883860,30862.80
18885424,30896.10
18886980,30927.60
18888524,30960.00
18890072,30992.40
18891628,31024.80
18893180,31057.20
18894732,31089.60
18896288,31122.00
18897840,31154.40
18899396,31186.80
18900952,31219.20
18902512,31252.50
18904244,31287.60
18905792,31320.00
18907340,31352.40
18908896,31384.80
18910444,31417.20
18912000,31449.60
18913552,31482.00
18915104,31514.40
18916660,31546.80
18918216,31579.20
18919792,31612.50
18921336,31644.90
18922888,31676.40
18924436,31708.80
18925988,31741.20
18927536,31773.60
18929112,31806.90
18930664,31839.30
18932364,31874.40
18933920,31906.80
18935476,31939.20
18937056,31972.50
18938596,32004.90
18940140,32036.40
18941696,32068.80
18943248,32101.20
18944796,32133.60
18946348,32166.00
18947900,32198.40
18949452,32230.80
18951008,32263.20
18952564,32295.60
18954124,32328.90
18955680,32360.40
18957232,32392.80
18958780,32425.20
18960332,32457.60
18961880,32490.00
18963432,32522.40
18965156,32558.40
18966708,32590.80
18968264,32623.20
18969820,32655.60
18971380,32688.00
18972936,32720.40
18974488,32752.80
18976040,32785.20
18977588,32817.60
18979136,32850.00
18980688,32882.40
18982240,32914.80
18983792,32947.20
18985344,32979.60
18986904,33012.00
18988460,33044.40
18990016,33076.80
18991596,33110.10
18993144,33142.50
18994696,33174.90
18996392,33210.00
18997940,33242.40
18999496,33274.80
19001044,33307.20
19002600,33339.60
19004156,33372.00
19005712,33404.40
19007268,33436.80
19008824,33469.20
19010372,33501.60
19011924,33534.00
19013472,33566.40
19015020,33598.80
19016572,33631.20
19018120,33663.60
19019676,33696.00
19021236,33728.40
19022788,33760.80
19024344,33793.20
19025904,33825.60
19027456,33858.90
19029008,33891.30
19030556,33923.70
19032108,33956.10
19033676,33988.50
19035228,34020.90
19036780,34053.30
19038484,34088.40
19040040,34120.80
19041596,34153.20
19043152,34185.60
19044696,34218.00
19046248,34250.40
19047796,34282.80
19049348,34315.20
19050900,34347.60
19052448,34380.00
19054000,34412.40
19055560,34444.80
19057108,34477.20
19058668,34509.60
19060224,34542.00
19061776,34574.40
19063320,34606.80
19064868,34639.20
19066420,34671.60
19067972,34704.00
19069520,34736.40
19071068,34768.80
19072628,34801.20
19074180,34833.60
19075740,34866.00
19077296,34898.40
19078840,34930.80
19080388,34963.20
19081936,34995.60
19083488,35028.00
19085040,35060.40
19086760,35096.40
19088312,35128.80
19089868,35161.20
19091420,35193.60
19092980,35226.00
19094556,35259.30
19096252,35294.40
19097800,35326.80
19099348,35359.20
19100900,35391.60
19102448,35424.00
19104024,35457.30
19105724,35492.40
19107452,35528.40
19109004,35560.80
19110560,35593.20
19112112,35625.60
19113660,35658.00
19115212,35690.40
19116756,35722.80
19118308,35755.20
19119860,35787.60
19121416,35820.90
19123132,35856.00
19124688,35888.40
19126240,35920.80
19127796,35953.20
19129356,35985.60
19130904,36018.90
19132448,36050.40
19133992,36082.80
19135544,36115.20
19137092,36147.60
19138644,36180.00
19140192,36212.40
19141748,36244.80
19143300,36277.20
19144860,36309.60
19146412,36342.00
19147960,36374.40
19149508,36406.80
19151056,36439.20
19152604,36471.60
19154156,36504.00
19155708,36536.40
19157256,36568.80
19158812,36601.20
19160364,36633.60
19161920,36666.00
19163476,36698.40
19165028,36731.70
19166596,36764.10
19168128,36796.50
19169836,36831.60
19171388,36864.00
19172940,36896.40
19174488,36928.80
19176044,36961.20
19177596,36993.60
19179156,37026.00
19180708,37058.40
19182260,37091.70
19183828,37124.10
19185360,37156.50
19186924,37188.90
19188476,37221.30
19190172,37256.40
19191720,37288.80
19193276,37321.20
19194832,37353.60
19196388,37386.00
19197944,37418.40
19199660,37454.40
19201208,37486.80
19202756,37519.20
19204304,37551.60
19205856,37584.00
19207428,37617.30
19208980,37649.70
19210508,37681.20
19212060,37713.60
19213620,37746.00
19215176,37778.40
19216744,37811.70
19218276,37844.10
19219844,37876.50
19221392,37908.90
19223092,37944.00
19224640,37976.40
19226188,38008.80
19227744,38041.20
19229296,38073.60
19230852,38106.00
19232408,38138.40
19233952,38170.80
19235504,38203.20
19237048,38235.60
19238600,38268.00
19240152,38300.40
19241872,38336.40
19243420,38368.80
19244976,38401.20
19246528,38433.60
19248088,38466.00
19249640,38498.40
19251184,38530.80
19252732,38563.20
19254288,38595.60
19255832,38628.00
19257380,38660.40
19258932,38692.80
19260480,38725.20
19262032,38757.60
19263584,38790.00
19265144,38822.40
19266696,38854.80
19268240,38887.20
19269792,38919.60
19271340,38952.00
19272884,38984.40
19274440,39016.80
19276008,39050.10
19277540,39082.50
19279092,39114.00
19280640,39146.40
19282200,39178.80
19283752,39211.20
19285308,39244.50
19286856,39276.90
19288420,39309.30
19290108,39344.40
19291664,39376.80
19293388,39412.80
19294932,39445.20
19296488,39477.60
19298040,39510.00
19299596,39542.40
19301152,39574.80
19302704,39607.20
19304268,39640.50
19305960,39675.60
19307512,39708.00
19309064,39740.40
19310640,39773.70
19312184,39806.10
19313740,39838.50
19315436,39873.60
19316996,39906.00
19318548,39938.40
19320116,39971.70
19321648,40004.10
19323360,40039.20
19324908,40071.60
19326484,40104.90
19328176,40140.00
19329732,40172.40
19331284,40204.80
19332832,40237.20
19334392,40269.60
19335944,40302.00
19337492,40334.40
19339040,40366.80
19340584,40399.20
19342132,40431.60
19343684,40464.00
19345232,40496.40
19346780,40528.80
19348336,40561.20
19349884,40593.60
19351444,40626.00
19352996,40658.40
19354548,40691.70
19356096,40724.10
19357644,40756.50
19359356,40791.60
19360904,40824.00
19362456,40856.40
19364000,40888.80
19365556,40921.20
19367104,40953.60
19368664,40986.00
19370216,41018.40
19371760,41050.80
19373308,41083.20
19374856,41115.60
19376404,41148.00
19377956,41180.40
19379676,41216.40
19381224,41248.80
19382776,41281.20
19384332,41314.50
19385884,41346.00
19387436,41378.40
19388980,41410.80
19390528,41443.20
19392076,41475.60
19393624,41508.00
19395176,41540.40
19396744,41573.70
19398444,41608.80
19399996,41641.20
19401548,41673.60
19403104,41706.00
19404656,41738.40
19406208,41771.70
19407748,41803.20
19409296,41835.60
19410844,41868.00
19412392,41900.40
19414112,41936.40
19415664,41968.80
19417216,42001.20
19418768,42033.60
19420324,42066.00
19421880,42098.40
19423444,42131.70
19424976,42164.10
19426688,42199.20
19428236,42231.60
19429784,42264.00
19431332,42296.40
19433052,42332.40
19434608,42364.80
19436160,42397.20
19437716,42429.60
19439268,42462.00
19440836,42495.30
19442532,42530.40
19444080,42562.80
19445628,42595.20
19447176,42627.60
19448732,42660.90
19450448,42696.00
19452000,42728.40
19453552,42760.80
19455108,42793.20
19456660,42825.60
19458204,42858.00
19459752,42890.40
19461300,42922.80
19462848,42955.20
19464396,42987.60
19465944,43020.00
19467496,43052.40
19469048,43084.80
19470600,43117.20
19472156,43149.60
19473708,43182.00
19475252,43214.40
19476800,43246.80
19478344,43279.20
19479892,43311.60
19481444,43344.00
19483016,43377.30
19484712,43412.40
19486268,43444.80
19487816,43477.20
19489372,43509.60
19490928,43542.00
19492468,43574.40
19494020,43606.80
19495564,43639.20
19497112,43671.60
19498660,43704.00
19500232,43737.30
19501932,43772.40
19503484,43804.80
19505032,43837.20
19506592,43869.60
19508144,43902.00
19509688,43934.40
19511236,43966.80
19512792,44000.10
19514356,44032.50
19516052,44067.60
19517608,44100.90
19519172,44133.30
19520876,44168.40
19522424,44200.80
19523980,44233.20
19525532,44265.60
19527084,44298.90
19528628,44330.40
19530180,44363.70
19531724,44396.10
19533440,44431.20
19534992,44463.60
19536708,44499.60
19538264,44532.00
19539816,44564.40
19541368,44596.80
19542924,44629.20
19544492,44662.50
19546040,44694.90
19547732,44730.00
19549280,44762.40
19550852,44795.70
19552552,44830.80
19554100,44863.20
19555652,44895.60
19557208,44928.90
19558760,44960.40
19560308,44992.80
19561856,45025.20
19563404,45057.60
19564948,45090.00
19566492,45122.40
19568068,45155.70
19569600,45188.10
19571316,45223.20
19572868,45255.60
19574420,45288.90
19575976,45320.40
19577528,45353.70
19579240,45388.80
19580788,45421.20
19582332,45453.60
19583880,45486.00
19585436,45519.30
19587000,45551.70
19588700,45586.80
19590252,45619.20
19591824,45652.50
19593360,45684.90
19594912,45716.40
19596620,45752.40
19598172,45784.80
19599716,45817.20
19601264,45849.60
19602816,45882.00
19604360,45914.40
19605912,45946.80
19607464,45979.20
19609196,46016.10
19610920,46052.10
19612472,46084.50
19614012,46116.00
19615556,46148.40
19617104,46180.80
19618652,46214.10
19620372,46249.20
19621920,46281.60
19623472,46314.00
19625020,46346.40
19626580,46378.80
19628132,46412.10
19629684,46444.50
19631396,46479.60
19632940,46512.00
19634488,46544.40
19636036,46576.80
19637756,46612.80
19639308,46646.10
19641028,46681.20
19642580,46713.60
19644136,46746.00
19645688,46778.40
19647252,46811.70
19648948,46846.80
19650492,46879.20
19652064,46912.50
19653760,46947.60
19655316,46980.90
19657032,47016.00
19658584,47048.40
19660132,47080.80
19661688,47113.20
19663240,47145.60
19664784,47178.00
19666332,47210.40
19667876,47242.80
19669424,47275.20
19670968,47307.60
19672524,47340.90
19674240,47376.00
19675792,47408.40
19677344,47440.80
19678896,47473.20
19680448,47505.60
19681992,47538.00
19683540,47570.40
19685084,47602.80
19686632,47635.20
19688180,47667.60
19689724,47700.00
19691276,47732.40
19692828,47764.80
19694376,47797.20
19695932,47829.60
19697488,47862.00
19699036,47895.30
19700600,47927.70
19702292,47962.80
19703840,47995.20
19705388,48027.60
19706936,48060.00
19708484,48092.40
19710040,48124.80
19711584,48157.20
19713140,48189.60
19714692,48222.00
19716236,48254.40
19717784,48286.80
19719328,48319.20
19720876,48351.60
19722424,48384.00
19723972,48416.40
19725520,48448.80
19727072,48481.20
19728620,48513.60
19730176,48546.00
19731728,48578.40
19733272,48610.80
19734820,48643.20
19736360,48675.60
19737912,48708.00
19739456,48740.40
19741176,48776.40
19742728,48809.70
19744276,48841.20
19745824,48873.60
19747384,48906.00
19748936,48938.40
19750480,48970.80
19752024,49003.20
19753568,49035.60
19755116,49068.00
19756664,49100.40
19758380,49136.40
19759932,49168.80
19761480,49201.20
19763032,49233.60
19764584,49266.00
19766140,49298.40
19767852,49334.40
19769400,49366.80
19770944,49399.20
19772488,49431.60
19774036,49464.00
19775756,49500.00
19777304,49532.40
19778860,49564.80
19780404,49597.20
19781960,49629.60
19783512,49662.00
19785060,49695.30
19786776,49730.40
19788324,49763.70
19790032,49798.80
19791584,49831.20
19793136,49864.50
19794848,49899.60
19796400,49932.00
19797952,49964.40
19799504,49996.80
19801052,50029.20
19802768,50065.20
19804316,50097.60
19805860,50130.00
19807404,50162.40
19809124,50198.40
19810676,50231.70
19812392,50266.80
19813940,50299.20
19815516,50332.50
19817220,50367.60
19818772,50400.90
19820316,50433.30
19822028,50468.40
19823572,50500.80
19825292,50536.80
19826860,50570.10
19828408,50602.50
19830108,50637.60
19831656,50670.00
19833208,50702.40
19834764,50734.80
19836332,50768.10
19838020,50803.20
19839572,50836.50
19841284,50871.60
19842832,50904.00
19844548,50940.00
19846096,50972.40
19847820,51008.40
19849372,51040.80
19850924,51073.20
19852472,51105.60
19854024,51138.90
19855736,51174.00
19857280,51206.40
19858824,51238.80
19860372,51271.20
19861920,51303.60
19863636,51339.60
19865188,51372.00
19866740,51404.40
19868292,51436.80
19869840,51469.20
19871384,51501.60
19872932,51534.00
19874476,51566.40
19876016,51598.80
19877564,51631.20
19879116,51663.60
19880684,51696.90
19882236,51729.30
19883936,51764.40
19885660,51800.40
19887216,51833.70
19888924,51868.80
19890468,51901.20
19892012,51933.60
19893560,51966.00
19895104,51998.40
19896676,52031.70
19898380,52067.70
19899932,52100.10
19901480,52132.50
19903032,52164.90
19904580,52197.30
19906284,52232.40
19907832,52264.80
19909376,52297.20
19910924,52329.60
19912472,52362.00
19914040,52395.30
19915740,52430.40
19917296,52463.70
19918868,52496.10
19920568,52531.20
19922120,52564.50
19923680,52596.90
19925372,52632.00
19926912,52664.40
19928464,52696.80
19930184,52732.80
19931736,52766.10
19933304,52798.50
19935000,52833.60
19936556,52866.00
19938108,52898.40
19939820,52934.40
19941364,52966.80
19942916,53000.10
19944628,53035.20
19946200,53068.50
19947888,53103.60
19949440,53136.00
19950992,53168.40
19952544,53200.80
19954268,53236.80
19955816,53269.20
19957384,53302.50
19959076,53337.60
19960624,53370.00
19962168,53402.40
19963740,53435.70
19965268,53468.10
19967004,53504.10
19968704,53539.20
19970260,53572.50
19971808,53604.00
19973360,53636.40
19974924,53669.70
19976616,53704.80
19978160,53737.20
19979728,53770.50
19981280,53802.90
19982972,53838.00
19984524,53870.40
19986072,53902.80
19987628,53936.10
19989352,53971.20
19990904,54004.50
19992612,54039.60
19994156,54072.00
19995696,54104.40
19997248,54136.80
19998820,54170.10
20000368,54202.50
20002068,54237.60
20003616,54270.00
20005172,54302.40
20006724,54334.80
20008272,54368.10
20009836,54400.50
20011528,54435.60
20013080,54468.90
20014792,54504.00
20016364,54537.30
20018060,54572.40
20019612,54604.80
20021160,54637.20
20022712,54669.60
20024268,54702.00
20025812,54734.40
20027356,54766.80
20028908,54800.10
20030620,54835.20
20032164,54867.60
20033712,54900.00
20035260,54932.40
20036812,54964.80
20038364,54997.20
20039916,55029.60
20041468,55062.00
20043012,55094.40
20044556,55126.80
20046100,55159.20
20047648,55191.60
20049200,55224.00
20050744,55256.40
20052292,55288.80
20053844,55321.20
20055396,55353.60
20056948,55386.00
20058504,55418.40
20060068,55451.70
20061764,55487.70
20063316,55520.10
20064880,55552.50
20066572,55587.60