0,116
0,344
0,572
0,800
0,1036
0,1308
0,1580
0,1856
0,2132
0,2408
0,2680
0,2952
0,3232
0,3504
0,3776
0,4048
0,4328
0,4600
0,4872
0,5152
0,5424
0,5700
0,5972
0,6252
0,6524
0,6796
0,7072
0,7352
0,7624
0,7896
0,8172
0,8452
0,8724
0,8996
0,9276
0,9548
0,9824
0,10096
0,10420
0,10736
0,11052
0,11372
0,11688
0,12004
0,12328
0,12644
0,12960
0,13276
0,13600
0,13916
0,14232
0,14556
0,14872
0,15188
0,15512
0,15828
0,16144
0,16468
0,16784
0,17100
0,17424
0,17740
0,18056
0,18372
0,18696
0,19012
0,19332
0,19652
0,19968
0,20288
0,20608
0,20924
0,21240
0,21564
0,21880
0,22196
0,22516
0,22836
0,23152
0,23472
0,23792
0,24112
0,24428
0,24752
0,25068
0,25384
0,25708
0,26024
0,26340
0,26660
0,26980
0,27296
0,27612
0,27932
0,28252
0,28568
0,28892
0,29208
0,29524
0,29844
0,30164
0,30480
0,30804
0,31120
0,31436
0,31760
0,32076
0,32392
0,32708
0,33032
0,33348
0,33664
0,33988
0,34304
0,34624
0,34944
0,35264
0,35580
0,35904
0,36220
0,36536
0,36852
0,37176
0,37492
0,37812
0,38136
0,38452
0,38768
0,39092
0,39408
0,39724
0,40048
0,40364
0,40680
0,41004
0,41320
0,41636
0,41952
0,42276
0,42592
0,42908
0,43232
0,43548
0,43864
0,44188
0,44504
0,44820
0,45144
0,45460
0,45776
0,46100
0,46416
0,46732
0,47052
0,47372
0,47692
0,48008
0,48328
0,48648
0,48964
0,49284
0,49600
0,49920
0,50240
0,50560
0,50876
0,51192
0,51520
0,51836
0,52152
0,52476
0,52792
0,53108
0,53432
0,53752
0,54068
0,54392
0,54708
0,55028
0,55352
0,55668
0,55984
0,56304
0,56628
0,56944
0,57264
0,57584
0,57904
0,58220
0,58544
0,58864
0,59180
0,59504
0,59820
0,60140
0,60464
0,60780
0,61100
0,61416
0,61744
0,62060
0,62376
0,62700
0,63020
0,63336
0,63660
0,63980
0,64296
0,64620
0,64936
0,65252
0,65576
0,65896
0,66212
0,66528
0,66852
0,67168
0,67488
0,67812
0,68128
0,68444
0,68768
0,69084
0,69404
0,69728
0,70044
0,70360
0,70684
0,71004
0,71320
0,71640
0,71964
0,72280
0,72600
0,72920
0,73240
0,73556
0,73880
0,74200
0,74516
0,74840
0,75156
0,75476
0,75800
0,76120
0,76436
0,76756
0,77080
0,77396
0,77716
0,78040
0,78356
0,78676
0,79000
0,79316
0,79636
0,79960
0,80276
0,80596
0,80920
0,81236
0,81552
0,81872
0,82196
0,82512
0,82828
0,83152
0,83468
0,83788
0,84108
0,84428
0,84744
0,85068
0,85384
0,85700
0,86024
0,86340
0,86660
0,86976
0,87300
0,87616
0,87936
0,88256
0,88576
0,88892
0,89216
0,89532
0,89852
0,90176
0,90492
0,90808
0,91124
0,91448
0,91768
0,92084
0,92408
0,92724
0,93044
0,93368
0,93684
0,94000
0,94324
0,94644
0,94960
0,95284
0,95600
0,95920
0,96236
0,96560
0,96880
0,97196
0,97520
0,97836
0,98156
0,98480
0,98796
0,99112
0,99436
0,99756
0,100076
0,100440
0,100800
0,101160
0,101528
0,101888
0,102252
0,102620
0,102976
0,103336
0,103704
0,104064
0,104424
0,104788
0,105148
0,105516
0,105876
0,106236
0,106604
0,106964
0,107324
0,107688
0,108048
0,108408
0,108776
0,109136
0,109496
0,109864
0,110224
0,110584
0,110952
0,111312
0,111680
0,112040
0,112400
0,112768
0,113128
0,113488
0,113852
0,114216
0,114576
0,114944
0,115304
0,115664
0,116032
0,116392
0,116756
0,117120
0,117480
0,117848
0,118208
0,118568
0,118932
0,119296
0,119656
0,120024
0,120384
0,120744
0,121112
0,121472
0,121836
0,122200
0,122564
0,122928
0,123288
0,123648
0,124016
0,124376
0,124736
0,125104
0,125464
0,125824
0,126192
0,126552
0,126916
0,127280
0,127644
0,128012
0,128368
0,128728
0,129092
0,129452
0,129812
0,130180
0,130540
0,130900
0,131268
0,131628
0,131988
0,132356
0,132716
0,133076
0,133444
0,133804
0,134168
0,134528
0,134888
0,135256
0,135616
0,135976
0,136344
0,136704
0,137064
0,137432
0,137792
0,138152
0,138520
0,138880
0,139240
0,139608
0,139968
0,140336
0,140696
0,141060
0,141424
0,141788
0,142148
0,142516
0,142876
0,143236
0,143604
0,143964
0,144328
0,144692
0,145052
0,145420
0,145780
0,146140
0,146508
0,146868
0,147228
0,147596
0,147956
0,148320
0,148684
0,149044
0,149408
0,149772
0,150136
0,150496
0,150864
0,151224
0,151592
0,151952
0,152316
0,152684
0,153044
0,153408
0,153776
0,154136
0,154496
0,154864
0,155224
0,155584
0,155952
0,156312
0,156680
0,157040
0,157404
0,157768
0,158132
0,158492
0,158860
0,159220
0,159580
0,159948
0,160312
0,160672
0,161040
0,161400
0,161760
0,162124
0,162488
0,162852
0,163212
0,163576
0,163940
0,164300
0,164660
0,165028
0,165388
0,165748
0,166112
0,166476
0,166832
0,167200
0,167560
0,167920
0,168288
0,168648
0,169012
0,169372
0,169732
0,170100
0,170460
0,170820
0,171184
0,171548
0,171908
0,172272
0,172636
0,172996
0,173364
0,173724
0,174092
0,174448
0,174808
0,175176
0,175536
0,175900
0,176264
0,176628
0,176988
0,177352
0,177716
0,178076
0,178444
0,178804
0,179164
0,179532
0,179892
0,180260
0,180620
0,180980
0,181344
0,181708
0,182068
0,182436
0,182796
0,183156
0,183524
0,183884
0,184244
0,184612
0,184972
0,185332
0,185700
0,186060
0,186428
0,186788
0,187148
0,187516
0,187876
0,188240
0,188604
0,188968
0,189328
0,189696
0,190056
0,190416
0,190784
0,191144
0,191512
0,191876
0,192236
0,192604
0,192964
0,193324
0,193692
0,194052
0,194412
0,194780
0,195140
0,195500
0,195868
0,196228
0,196588
0,196956
0,197320
0,197684
0,198044
0,198408
0,198772
0,199136
0,199496
0,199864
0,200224
0,200584
0,200952
0,201316
0,201676
0,202044
0,202404
0,202772
0,203132
0,203492
0,203860
0,204224
0,204584
0,204952
0,205312
0,205672
0,206036
0,206400
0,206756
0,207124
0,207484
0,207844
0,208212
0,208572
0,208936
0,209296
0,209656
0,210024
0,210384
0,210744
0,211112
0,211472
0,211832
0,212200
0,212560
0,212920
0,213288
0,213648
0,214008
0,214376
0,214736
0,215104
0,215464
0,215824
0,216192
0,216552
0,216912
0,217280
0,217640
0,218000
0,218368
0,218728
0,219088
0,219456
0,219816
0,220184
0,220544
0,220908
0,221272
0,221632
0,221996
0,222364
0,222724
0,223084
0,223452
0,223812
0,224176
0,224544
0,224904
0,225264
0,225632
0,225992
0,226360
0,226720
0,227080
0,227448
0,227808
0,228168
0,228536
0,228896
0,229256
0,229624
0,229984
0,230348
0,230716
0,231076
0,231444
0,231804
0,232164
0,232532
0,232892
0,233256
0,233620
0,233984
0,234344
0,234712
0,235072
0,235436
0,235804
0,236164
0,236524
0,236892
0,237252
0,237620
0,237980
0,238344
0,238712
0,239072
0,239436
0,239804
0,240164
0,240524
0,240892
0,241252
0,241616
0,241980
0,242344
0,242708
0,243072
0,243432
0,243800
0,244160
0,244524
0,244888
0,245252
0,245612
0,245980
0,246340
0,246700
0,247068
0,247428
0,247788
0,248156
0,248516
0,248884
0,249244
0,249608
0,249972
0,250332
0,250696
0,251064
0,251424
0,251784
0,252152
0,252516
0,252876
0,253244
0,253604
0,253972
0,254332
0,254696
0,255064
0,255424
0,255788
0,256156
0,256516
0,256876
0,257240
0,257600
0,257960
0,258328
0,258688
0,259048
0,259412
0,259772
0,260140
0,260500
0,260860
0,261228
0,261588
0,261948
0,262316
0,262676
0,263036
0,263404
0,263764
0,264128
0,264492
0,264852
0,265212
0,265580
0,265944
0,266308
0,266668
0,267032
0,267396
0,267760
0,268120
0,268484
0,268848
0,269208
0,269572
0,269932
0,270296
0,270660
0,271024
0,271392
0,271752
0,272112
0,272480
0,272840
0,273200
0,273568
0,273928
0,274288
0,274656
0,275016
0,275380
0,275744
0,276108
0,276468
0,276836
0,277196
0,277564
0,277924
0,278288
0,278656
0,279016
0,279376
0,279744
0,280108
0,280468
0,280836
0,281196
0,281560
0,281928
0,282288
0,282652
0,283016
0,283376
0,283744
0,284104
0,284464
0,284832
0,285196
0,285556
0,285924
0,286284
0,286648
0,287016
0,287376
0,287736
0,288104
0,288464
0,288832
0,289192
0,289552
0,289920
0,290280
0,290640
0,291008
0,291368
0,291728
0,292096
0,292460
0,292820
0,293188
0,293548
0,293916
0,294276
0,294640
0,295008
0,295368
0,295728
0,296096
0,296456
0,296820
0,297184
0,297548
0,297908
0,298276
0,298636
0,299000
0,299368
0,299728
0,300096
0,300456
0,300820
0,301188
0,301548
0,301912
0,302280
0,302640
0,303004
0,303372
0,303732
0,304096
0,304464
0,304824
0,305192
0,305552
0,305916
0,306284
0,306648
0,307008
0,307380
0,307740
0,308100
0,308468
0,308828
0,309188
0,309556
0,309916
0,310284
0,310648
0,311008
0,311376
0,311740
0,312100
0,312468
0,312828
0,313192
0,313560
0,313920
0,314284
0,314652
0,315012
0,315372
0,315740
0,316104
0,316472
0,316836
0,317196
0,317564
0,317928
0,318288
0,318656
0,319020
0,319380
0,319752
0,320112
0,320472
0,320840
0,321200
0,321568
0,321928
0,322288
0,322656
0,323016
0,323376
0,323744
0,324104
0,324468
0,324832
0,325196
0,325556
0,325924
0,326284
0,326648
0,327012
0,327376
0,327744
0,328104
0,328464
0,328828
0,329188
0,329548
0,329916
0,330276
0,330636
0,331004
0,331364
0,331728
0,332092
0,332456
0,332820
0,333180
0,333540
0,333908
0,334268
0,334628
0,334996
0,335356
0,335720
0,336084
0,336444
0,336808
0,337172
0,337532
0,337896
0,338260
0,338624
0,338988
0,339348
0,339712
0,340076
0,340440
0,340800
0,341164
0,341524
0,341888
0,342252
0,342616
0,342976
0,343344
0,343704
0,344072
0,344432
0,344796
0,345160
0,345524
0,345884
0,346252
0,346612
0,346972
0,347340
0,347704
0,348064
0,348432
0,348792
0,349156
0,349520
0,349884
0,350248
0,350612
0,350972
0,351340
0,351700
0,352064
0,352432
0,352792
0,353152
0,353520
0,353880
0,354244
0,354608
0,354972
0,355340
0,355700
0,356060
0,356428
0,356788
0,357152
0,357520
0,357880
0,358244
0,358612
0,358972
0,359332
0,359700
0,360060
0,360420
0,360788
0,361148
0,361516
0,361880
0,362240
0,362604
0,362968
0,363328
0,363696
0,364056
0,364416
0,364784
0,365148
0,365508
0,365876
0,366236
0,366604
0,366964
0,367328
0,367696
0,368056
0,368420
0,368784
0,369148
0,369508
0,369876
0,370236
0,370596
0,370964
0,371328
0,371688
0,372052
0,372416
0,372784
0,373144
0,373504
0,373872
0,374236
0,374596
0,374964
0,375324
0,375688
0,376052
0,376416
0,376776
0,377144
0,377508
0,377876
0,378236
0,378600
0,378968
0,379328
0,379688
0,380056
0,380416
0,380780
0,381148
0,381508
0,381872
0,382240
0,382600
0,382964
0,383332
0,383696
0,384064
0,384424
0,384784
0,385152
0,385512
0,385872
0,386240
0,386600
0,386964
0,387328
0,387692
0,388052
0,388420
0,388780
0,389148
0,389508
0,389872
0,390240
0,390600
0,390960
0,391328
0,391688
0,392052
0,392416
0,392780
0,393140
0,393508
0,393872
0,394232
0,394600
0,394960
0,395328
0,395692
0,396052
0,396420
0,396784
0,397144
0,397512
0,397876
0,398236
0,398604
0,398968
0,399328
0,399700
0,400060
0,400428
0,400788
0,401148
0,401516
0,401876
0,402240
0,402608
0,402968
0,403328
0,403696
0,404056
0,404420
0,404788
0,405148
0,405516
0,405876
0,406240
0,406608
0,406968
0,407332
0,407700
0,408060
0,408420
0,408788
0,409152
0,409512
0,409884
0,410244
0,410600
0,410968
0,411328
0,411696
0,412056
0,412416
0,412780
0,413144
0,413504
0,413872
0,414232
0,414592
0,414960
0,415320
0,415680
0,416048
0,416408
0,416772
0,417132
0,417496
0,417860
0,418220
0,418584
0,418948
0,419308
0,419672
0,420040
0,420400
0,420760
0,421124
0,421484
0,421848
0,422212
0,422576
0,422940
0,423300
0,423664
0,424032
0,424392
0,424752
0,425120
0,425480
0,425840
0,426208
0,426568
0,426928
0,427296
0,427656
0,428016
0,428384
0,428748
0,429116
0,429476
0,429836
0,430204
0,430564
0,430928
0,431292
0,431656
0,432016
0,432384
0,432744
0,433104
0,433472
0,433836
0,434200
0,434564
0,434924
0,435292
0,435652
0,436012
0,436380
0,436740
0,437104
0,437472
0,437832
0,438192
0,438560
0,438920
0,439284
0,439652
0,440012
0,440380
0,440740
0,441100
0,441468
0,441832
0,442192
0,442560
0,442920
0,443280
0,443648
0,444008
0,444372
0,444740
0,445100
0,445468
0,445828
0,446192
0,446560
0,446920
0,447280
0,447648
0,448012
0,448372
0,448740
0,449100
0,449460
0,449828
0,450188
0,450552
0,450920
0,451280
0,451648
0,452008
0,452368
0,452736
0,453096
0,453460
0,453824
0,454188
0,454548
0,454916
0,455276
0,455640
0,456008
0,456368
0,456736
0,457096
0,457456
0,457824
0,458188
0,458548
0,458916
0,459276
0,459640
0,460008
0,460368
0,460732
0,461100
0,461460
0,461820
0,462188
0,462548
0,462916
0,463280
0,463640
0,464008
0,464368
0,464728
0,465096
0,465456
0,465820
0,466188
0,466548
0,466908
0,467276
0,467636
0,468004
0,468368
0,468728
0,469096
0,469456
0,469820
0,470188
0,470548
0,470912
0,471280
0,471640
0,472004
0,472368
0,472732
0,473100
0,473460
0,473824
0,474192
0,474552
0,474916
0,475284
0,475644
0,476004
0,476372
0,476736
0,477096
0,477464
0,477828
0,478188
0,478556
0,478920
0,479288
0,479652
0,480012
0,480380
0,480740
0,481104
0,481472
0,481832
0,482192
0,482560
0,482920
0,483280
0,483648
0,484012
0,484376
0,484740
0,485100
0,485468
0,485832
0,486192
0,486560
0,486924
0,487284
0,487652
0,488012
0,488372
0,488740
0,489100
0,489464
0,489832
0,490192
0,490560
0,490924
0,491284
0,491652
0,492012
0,492376
0,492740
0,493104
0,493464
0,493832
0,494192
0,494556
0,494920
0,495284
0,495652
0,496012
0,496372
0,496740
0,497100
0,497464
0,497832
0,498192
0,498552
0,498920
0,499284
0,499644
0,500012
0,500372
0,500732
0,501100
0,501464
0,501832
0,502192
0,502556
0,502924
0,503284
0,503648
0,504016
0,504376
0,504736
0,505104
0,505468
0,505828
0,506196
0,506560
0,506928
0,507288
0,507652
0,508020
0,508380
0,508744
0,509112
0,509472
0,509836
0,510204
0,510568
0,510928
0,511300
0,511660
0,512032
0,512392
0,512752
0,513116
0,513476
0,513840
0,514204
0,514564
0,514924
0,515292
0,515652
0,516012
0,516380
0,516740
0,517100
0,517468
0,517832
0,518196
0,518560
0,518920
0,519288
0,519648
0,520008
0,520376
0,520736
0,521096
0,521464
0,521824
0,522188
0,522552
0,522916
0,523284
0,523644
0,524004
0,524372
0,524732
0,525092
0,525460
0,525820
0,526184
0,526548
0,526912
0,527272
0,527640
0,528000
0,528360
0,528728
0,529088
0,529456
0,529816
0,530180
0,530548
0,530908
0,531272
0,531636
0,532000
0,532360
0,532728
0,533088
0,533452
0,533816
0,534180
0,534548
0,534908
0,535268
0,535636
0,536000
0,536360
0,536728
0,537088
0,537448
0,537816
0,538176
0,538540
0,538908
0,539268
0,539628
0,539996
0,540356
0,540724
0,541088
0,541448
0,541816
0,542176
0,542540
0,542908
0,543268
0,543632
0,544000
0,544360
0,544720
0,545088
0,545448
0,545816
0,546176
0,546536
0,546904
0,547268
0,547628
0,547996
0,548356
0,548720
0,549088
0,549448
0,549812
0,550180
0,550540
0,550904
0,551268
0,551632
0,552000
0,552360
0,552724
0,553092
0,553452
0,553816
0,554180
0,554544
0,554904
0,555272
0,555636
0,555996
0,556364
0,556728
0,557096
0,557460
0,557820
0,558188
0,558552
0,558912
0,559280
0,559644
0,560004
0,560372
0,560736
0,561096
0,561464
0,561824
0,562192
0,562556
0,562920
0,563288
0,563648
0,564008
0,564376
0,564736
0,565096
0,565464
0,565828
0,566188
0,566556
0,566916
0,567280
0,567648
0,568008
0,568376
0,568736
0,569100
0,569468
0,569828
0,570192
0,570560
0,570920
0,571284
0,571648
0,572012
0,572372
0,572744
0,573104
0,573476
0,573836
0,574196
0,574564
0,574928
0,575288
0,575656
0,576020
0,576380
0,576744
0,577108
0,577468
0,577836
0,578196
0,578556
0,578928
0,579288
0,579656
0,580016
0,580376
0,580744
0,581104
0,581468
0,581836
0,582196
0,582560
0,582928
0,583288
0,583652
0,584020
0,584380
0,584748
0,585108
0,585472
0,585840
0,586200
0,586564
0,586928
0,587292
0,587652
0,588020
0,588384
0,588744
0,589116
0,589476
0,589844
0,590204
0,590568
0,590936
0,591296
0,591660
0,592028
0,592388
0,592752
0,593120
0,593480
0,593844
0,594212
0,594572
0,594936
0,595304
0,595664
0,596032
0,596392
0,596756
0,597124
0,597488
0,597848
0,598216
0,598580
0,598940
0,599308
0,599672
0,600036
0,600404
0,600764
0,601132
0,601496
0,601856
0,602224
0,602588
0,602948
0,603316
0,603680
0,604040
0,604412
0,604772
0,605136
0,605504
0,605864
0,606232
0,606596
0,606960
0,607328
0,607688
0,608052
0,608420
0,608780
0,609144
0,609512
0,609876
0,610236
0,610604
0,610968
0,611336
0,611700
0,612060
0,612428
0,612792
0,613156
0,613524
0,613888
0,614252
0,614620
0,614980
0,615340
0,615708
0,616072
0,616432
0,616800
0,617160
0,617528
0,617892
0,618252
0,618620
0,618980
0,619344
0,619712
0,620072
0,620436
0,620804
0,621164
0,621524
0,621892
0,622256
0,622624
0,622984
0,623348
0,623716
0,624080
0,624440
0,624808
0,625168
0,625532
0,625900
0,626260
0,626624
0,626992
0,627356
0,627724
0,628084
0,628444
0,628812
0,629176
0,629536
0,629904
0,630268
0,630632
0,631000
0,631360
0,631724
0,632092
0,632456
0,632816
0,633184
0,633548
0,633916
0,634280
0,634644
0,635012
0,635376
0,635736
0,636104
0,636468
0,636832
0,637200
0,637560
0,637924
0,638292
0,638656
0,639024
0,639388
0,639752
0,640120
0,640480
0,640840
0,641208
0,641568
0,641928
0,642296
0,642656
0,643016
0,643384
0,643744
0,644112
0,644476
0,644836
0,645204
0,645564
0,645924
0,646292
0,646652
0,647016
0,647384
0,647744
0,648104
0,648472
0,648832
0,649196
0,649564
0,649924
0,650292
0,650652
0,651016
0,651384
0,651744
0,652108
0,652476
0,652836
0,653200
0,653564
0,653928
0,654288
0,654656
0,655020
0,655388
0,655748
0,656108
0,656476
0,656836
0,657196
0,657564
0,657924
0,658284
0,658652
0,659012
0,659372
0,659740
0,660100
0,660460
0,660828
0,661188
0,661556
0,661916
0,662280
0,662648
0,663008
0,663368
0,663736
0,664096
0,664460
0,664824
0,665188
0,665548
0,665916
0,666276
0,666644
0,667004
0,667364
0,667732
0,668092
0,668452
0,668820
0,669180
0,669544
0,669908
0,670272
0,670632
0,671000
0,671360
0,671724
0,672092
0,672452
0,672816
0,673180
0,673540
0,673908
0,674268
0,674628
0,674996
0,675360
0,675720
0,676088
0,676448
0,676808
0,677176
0,677536
0,677904
0,678264
0,678628
0,678992
0,679356
0,679716
0,680084
0,680444
0,680804
0,681172
0,681532
0,681896
0,682260
0,682624
0,682984
0,683352
0,683712
0,684080
0,684440
0,684804
0,685168
0,685532
0,685892
0,686260
0,686620
0,686984
0,687352
0,687712
0,688076
0,688440
0,688804
0,689168
0,689532
0,689892
0,690260
0,690624
0,690984
0,691352
0,691712
0,692076
0,692444
0,692804
0,693164
0,693532
0,693896
0,694256
0,694624
0,694984
0,695352
0,695716
0,696080
0,696444
0,696808
0,697168
0,697536
0,697896
0,698256
0,698624
0,698988
0,699348
0,699716
0,700076
0,700444
0,700808
0,701168
0,701536
0,701900
0,702260
0,702628
0,702992
0,703352
0,703724
0,704084
0,704444
0,704812
0,705172
0,705540
0,705904
0,706264
0,706632
0,706996
0,707356
0,707724
0,708084
0,708448
0,708816
0,709176
0,709536
0,709904
0,710268
0,710628
0,710996
0,711360
0,711728
0,712092
0,712452
0,712820
0,713180
0,713544
0,713912
0,714276
0,714636
0,715008
0,715368
0,715732
0,716100
0,716464
0,716832
0,717192
0,717552
0,717920
0,718284
0,718644
0,719012
0,719376
0,719736
0,720104
0,720464
0,720824
0,721192
0,721556
0,721916
0,722284
0,722644
0,723012
0,723376
0,723736
0,724104
0,724464
0,724828
0,725196
0,725556
0,725920
0,726288
0,726648
0,727008
0,727380
0,727740
0,728108
0,728468
0,728832
0,729200
0,729560
0,729924
0,730292
0,730652
0,731012
0,731380
0,731744
0,732108
0,732476
0,732836
0,733204
0,733568
0,733928
0,734296
0,734660
0,735024
0,735392
0,735752
0,736116
0,736484
0,736848
0,737208
0,737576
0,737936
0,738300
0,738668
0,739028
0,739396
0,739756
0,740120
0,740488
0,740848
0,741208
0,741576
0,741940
0,742300
0,742672
0,743032
0,743396
0,743760
0,744124
0,744492
0,744852
0,745212
0,745580
0,745944
0,746304
0,746672
0,747036
0,747400
0,747768
0,748128
0,748488
0,748856
0,749220
0,749588
0,749948
0,750312
0,750680
0,751040
0,751404
0,751772
0,752136
0,752496
0,752864
0,753228
0,753588
0,753956
0,754320
0,754684
0,755052
0,755412
0,755784
0,756144
0,756508
0,756876
0,757236
0,757600
0,757968
0,758332
0,758692
0,759060
0,759424
0,759784
0,760156
0,760516
0,760884
0,761248
0,761608
0,761976
0,762340
0,762700
0,763072
0,763432
0,763796
0,764164
0,764524
0,764888
0,765256
0,765620
0,765988
0,766352
0,766712
0,767084
0,767448
0,767808
0,768180
0,768540
0,768900
0,769268
0,769628
0,769988
0,770356
0,770720
0,771088
0,771448
0,771808
0,772176
0,772540
0,772900
0,773268
0,773632
0,773992
0,774360
0,774724
0,775084
0,775452
0,775816
0,776176
0,776544
0,776908
0,777276
0,777636
0,778000
0,778368
0,778728
0,779092
0,779460
0,779820
0,780184
0,780552
0,780912
0,781276
0,781644
0,782004
0,782372
0,782736
0,783096
0,783464
0,783828
0,784188
0,784556
0,784920
0,785280
0,785648
0,786008
0,786372
0,786740
0,787100
0,787472
0,787832
0,788196
0,788564
0,788924
0,789288
0,789656
0,790016
0,790380
0,790748
0,791112
0,791472
0,791844
0,792204
0,792568
0,792936
0,793300
0,793668
0,794028
0,794392
0,794760
0,795124
0,795484
0,795856
0,796216
0,796580
0,796948
0,797308
0,797672
0,798040
0,798404
0,798772
0,799136
0,799500
0,799868
0,800232
0,800592
0,800960
0,801320
0,801680
0,802048
0,802408
0,802768
0,803136
0,803500
0,803868
0,804228
0,804588
0,804956
0,805320
0,805680
0,806048
0,806412
0,806772
0,807140
0,807500
0,807864
0,808232
0,808592
0,808956
0,809324
0,809684
0,810052
0,810412
0,810776
0,811144
0,811504
0,811868
0,812236
0,812600
0,812960
0,813328
0,813692
0,814052
0,814424
0,814784
0,815152
0,815516
0,815876
0,816248
0,816608
0,816972
0,817340
0,817700
0,818064
0,818432
0,818796
0,819160
0,819528
0,819888
0,820252
0,820612
0,820976
0,821340
0,821700
0,822064
0,822428
0,822788
0,823148
0,823516
0,823880
0,824240
0,824608
0,824968
0,825328
0,825692
0,826052
0,826420
0,826780
0,827144
0,827508
0,827872
0,828232
0,828600
0,828960
0,829320
0,829688
0,830048
0,830412
0,830780
0,831140
0,831508
0,831868
0,832232
0,832596
0,832960
0,833320
0,833684
0,834044
0,834408
0,834772
0,835136
0,835496
0,835864
0,836224
0,836584
0,836952
0,837312
0,837680
0,838040
0,838404
0,838768
0,839132
0,839492
0,839860
0,840220
0,840580
0,840948
0,841308
0,841672
0,842036
0,842400
0,842764
0,843124
0,843488
0,843856
0,844216
0,844576
0,844944
0,845304
0,845668
0,846032
0,846396
0,846756
0,847124
0,847484
0,847844
0,848212
0,848572
0,848940
0,849304
0,849664
0,850032
0,850392
0,850752
0,851120
0,851484
0,851844
0,852212
0,852572
0,852932
0,853300
0,853660
0,854028
0,854392
0,854752
0,855120
0,855484
0,855844
0,856212
0,856576
0,856936
0,857304
0,857668
0,858028
0,858396
0,858756
0,859120
0,859488
0,859848
0,860216
0,860576
0,860940
0,861308
0,861668
0,862028
0,862396
0,862760
0,863120
0,863488
0,863852
0,864212
0,864580
0,864940
0,865308
0,865668
0,866028
0,866396
0,866760
0,867120
0,867488
0,867852
0,868212
0,868580
0,868940
0,869304
0,869672
0,870032
0,870396
0,870764
0,871124
0,871492
0,871856
0,872216
0,872584
0,872944
0,873308
0,873676
0,874036
0,874396
0,874764
0,875128
0,875488
0,875860
0,876220
0,876588
0,876948
0,877312
0,877680
0,878040
0,878404
0,878772
0,879132
0,879496
0,879864
0,880228
0,880588
0,880956
0,881316
0,881684
0,882044
0,882408
0,882772
0,883136
0,883496
0,883864
0,884228
0,884588
0,884956
0,885316
0,885680
0,886048
0,886408
0,886768
0,887136
0,887496
0,887864
0,888228
0,888588
0,888956
0,889320
0,889680
0,890048
0,890412
0,890772
0,891140
0,891504
0,891864
0,892232
0,892596
0,892964
0,893328
0,893688
0,894056
0,894420
0,894780
0,895148
0,895512
0,895876
0,896244
0,896604
0,896968
0,897332
0,897696
0,898064
0,898424
0,898784
0,899152
0,899516
0,899876
0,900244
0,900608
0,900968
0,901336
0,901700
0,902060
0,902428
0,902788
0,903148
0,903516
0,903880
0,904248
0,904608
0,904968
0,905336
0,905700
0,906060
0,906428
0,906788
0,907152
0,907520
0,907880
0,908244
0,908612
0,908972
0,909340
0,909700
0,910064
0,910432
0,910792
0,911156
0,911524
0,911888
0,912248
0,912616
0,912980
0,913340
0,913708
0,914072
0,914440
0,914800
0,915164
0,915532
0,915892
0,916256
0,916624
0,916988
0,917348
0,917716
0,918080
0,918440
0,918808
0,919172
0,919536
0,919904
0,920268
0,920636
0,920996
0,921360
0,921728
0,922088
0,922452
0,922816
0,923180
0,923540
0,923908
0,924272
0,924632
0,925000
0,925360
0,925728
0,926092
0,926452
0,926820
0,927184
0,927544
0,927912
0,928276
0,928636
0,929004
0,929368
0,929728
0,930096
0,930456
0,930824
0,931188
0,931552
0,931920
0,932280
0,932644
0,933012
0,933372
0,933736
0,934104
0,934464
0,934828
0,935196
0,935556
0,935920
0,936288
0,936652
0,937020
0,937380
0,937744
0,938112
0,938472
0,938836
0,939204
0,939568
0,939928
0,940296
0,940660
0,941024
0,941392
0,941752
0,942124
0,942484
0,942848
0,943216
0,943576
0,943940
0,944308
0,944672
0,945032
0,945400
0,945764
0,946124
0,946492
0,946856
0,947224
0,947584
0,947948
0,948316
0,948676
0,949040
0,949408
0,949772
0,950132
0,950500
0,950864
0,951224
0,951596
0,951956
0,952328
0,952688
0,953052
0,953420
0,953784
0,954144
0,954512
0,954876
0,955240
0,955608
0,955968
0,956332
0,956700
0,957064
0,957428
0,957796
0,958160
0,958528
0,958892
0,959256
0,959624
0,959988
0,960352
0,960720
0,961080
0,961444
0,961812
0,962172
0,962532
0,962904
0,963264
0,963632
0,963992
0,964356
0,964724
0,965084
0,965448
0,965816
0,966176
0,966540
0,966904
0,967268
0,967628
0,968000
0,968360
0,968728
0,969088
0,969452
0,969820
0,970180
0,970544
0,970912
0,971276
0,971636
0,972004
0,972368
0,972732
0,973100
0,973460
0,973828
0,974192
0,974552
0,974920
0,975284
0,975644
0,976016
0,976376
0,976736
0,977104
0,977468
0,977828
0,978200
0,978560
0,978920
0,979292
0,979652
0,980020
0,980384
0,980744
0,981112
0,981476
0,981840
0,982208
0,982568
0,982932
0,983300
0,983664
0,984024
0,984392
0,984752
0,985120
0,985484
0,985844
0,986212
0,986572
0,986936
0,987304
0,987664
0,988024
0,988392
0,988756
0,989116
0,989484
0,989848
0,990216
0,990576
0,990940
0,991308
0,991672
0,992032
0,992400
0,992760
0,993124
0,993492
0,993852
0,994216
0,994584
0,994944
0,995308
0,995676
0,996036
0,996404
0,996768
0,997128
0,997496
0,997860
0,998220
0,998592
0,998952
0,999316
0,999684
0,1000044
0,1000456
0,1000860
0,1001264
0,1001676
0,1002080
0,1002484
0,1002896
0,1003300
0,1003712
0,1004116
0,1004520
0,1004932
0,1005336
0,1005748
0,1006152
0,1006560
0,1006968
0,1007376
0,1007784
0,1008192
0,1008596
0,1009008
0,1009412
0,1009824
0,1010228
0,1010632
0,1011044
0,1011452
0,1011864
0,1012268
0,1012672
0,1013084
0,1013488
0,1013900
0,1014308
0,1014712
0,1015124
0,1015532
0,1015944
0,1016348
0,1016752
0,1017164
0,1017572
0,1017984
0,1018388
0,1018796
0,1019208
0,1019612
0,1020024
0,1020428
0,1020836
0,1021248
0,1021652
0,1022064
0,1022472
0,1022876
0,1023288
0,1023696
0,1024108
0,1024512
0,1024916
0,1025324
0,1025728
0,1026136
0,1026540
0,1026944
0,1027356
0,1027760
0,1028168
0,1028572
0,1028976
0,1029384
0,1029788
0,1030200
0,1030604
0,1031008
0,1031420
0,1031824
0,1032232
0,1032636
0,1033044
0,1033452
0,1033856
0,1034268
0,1034672
0,1035076
0,1035488
0,1035892
0,1036300
0,1036708
0,1037112
0,1037524
0,1037928
0,1038332
0,1038744
0,1039148
0,1039560
0,1039964
0,1040368
0,1040776
0,1041180
0,1041592
0,1041996
0,1042400
0,1042812
0,1043216
0,1043628
0,1044032
0,1044436
0,1044844
0,1045248
0,1045660
0,1046064
0,1046468
0,1046876
0,1047284
0,1047692
0,1048096
0,1048500
0,1048912
0,1049316
0,1049728
0,1050132
0,1050536
0,1050944
0,1051348
0,1051760
0,1052164
0,1052568
0,1052980
0,1053384
0,1053796
0,1054200
0,1054604
0,1055016
0,1055420
0,1055832
0,1056236
0,1056640
0,1057052
0,1057456
0,1057868
0,1058272
0,1058676
0,1059088
0,1059492
0,1059904
0,1060308
0,1060712
0,1061124
0,1061528
0,1061940
0,1062344
0,1062752
0,1063160
0,1063564
0,1063976
0,1064384
0,1064788
0,1065200
0,1065604
0,1066012
0,1066416
0,1066820
0,1067232
0,1067636
0,1068048
0,1068452
0,1068856
0,1069264
0,1069672
0,1070076
0,1070488
0,1070892
0,1071300
0,1071708
0,1072112
0,1072524
0,1072928
0,1073340
0,1073744
0,1074148
0,1074560
0,1074964
0,1075376
0,1075780
0,1076184
0,1076596
0,1077000
0,1077412
0,1077816
0,1078220
0,1078632
0,1079036
0,1079448
0,1079852
0,1080256
0,1080668
0,1081072
0,1081484
0,1081888
0,1082292
0,1082704
0,1083108
0,1083520
0,1083924
0,1084332
0,1084740
0,1085148
0,1085560
0,1085964
0,1086368
0,1086780
0,1087184
0,1087596
0,1088000
0,1088404
0,1088816
0,1089216
0,1089628
0,1090032
0,1090436
0,1090848
0,1091252
0,1091664
0,1092068
0,1092472
0,1092884
0,1093288
0,1093700
0,1094104
0,1094508
0,1094920
0,1095324
0,1095736
0,1096140
0,1096544
0,1096956
0,1097364
0,1097772
0,1098180
0,1098584
0,1098996
0,1099400
0,1099812
0,1100216
0,1100624
0,1101036
0,1101440
0,1101852
0,1102256
0,1102660
0,1103072
0,1103480
0,1103892
0,1104296
0,1104700
0,1105112
0,1105520
0,1105932
0,1106336
0,1106740
0,1107152
0,1107556
0,1107964
0,1108372
0,1108780
0,1109192
0,1109596
0,1110000
0,1110412
0,1110820
0,1111232
0,1111636
0,1112040
0,1112452
0,1112856
0,1113268
0,1113676
0,1114080
0,1114492
0,1114896
0,1115308
0,1115716
0,1116120
0,1116532
0,1116940
0,1117352
0,1117756
0,1118164
0,1118576
0,1118980
0,1119392
0,1119800
0,1120204
0,1120616
0,1121020
0,1121432
0,1121836
0,1122244
0,1122652
0,1123060
0,1123472
0,1123876
0,1124280
0,1124692
0,1125096
0,1125512
0,1125916
0,1126324
0,1126736
0,1127140
0,1127548
0,1127956
0,1128360
0,1128772
0,1129176
0,1129588
0,1129992
0,1130396
0,1130808
0,1131212
0,1131624
0,1132028
0,1132436
0,1132844
0,1133248
0,1133660
0,1134068
0,1134472
0,1134884
0,1135288
0,1135700
0,1136104
0,1136512
0,1136924
0,1137328
0,1137740
0,1138144
0,1138548
0,1138960
0,1139368
0,1139776
0,1140184
0,1140588
0,1141000
0,1141404
0,1141816
0,1142220
0,1142628
0,1143040
0,1143444
0,1143856
0,1144264
0,1144668
0,1145080
0,1145484
0,1145896
0,1146304
0,1146708
0,1147120
0,1147528
0,1147936
0,1148344
0,1148748
0,1149160
0,1149564
0,1149976
0,1150380
0,1150788
0,1151200
0,1151604
0,1152016
0,1152420
0,1152824
0,1153236
0,1153640
0,1154044
0,1154456
0,1154860
0,1155268
0,1155676
0,1156080
0,1156492
0,1156896
0,1157304
0,1157712
0,1158116
0,1158528
0,1158932
0,1159344
0,1159748
0,1160152
0,1160564
0,1160968
0,1161380
0,1161784
0,1162188
0,1162600
0,1163004
0,1163416
0,1163824
0,1164228
0,1164640
0,1165044
0,1165456
0,1165860
0,1166264
0,1166676
0,1167084
0,1167492
0,1167900
0,1168304
0,1168716
0,1169120
0,1169532
0,1169936
0,1170340
0,1170752
0,1171160
0,1171572
0,1171976
0,1172380
0,1172792
0,1173200
0,1173612
0,1174016
0,1174420
0,1174832
0,1175240
0,1175652
0,1176056
0,1176460
0,1176872
0,1177280
0,1177692
0,1178096
0,1178500
0,1178912
0,1179316
0,1179728
0,1180132
0,1180540
0,1180952
0,1181356
0,1181768
0,1182172
0,1182580
0,1182992
0,1183396
0,1183808
0,1184216
0,1184620
0,1185032
0,1185436
0,1185848
0,1186252
0,1186660
0,1187072
0,1187476
0,1187888
0,1188292
0,1188700
0,1189108
0,1189516
0,1189928
0,1190332
0,1190740
0,1191152
0,1191556
0,1191968
0,1192376
0,1192780
0,1193192
0,1193596
0,1194012
0,1194416
0,1194820
0,1195232
0,1195640
0,1196052
0,1196456
0,1196864
0,1197272
0,1197680
0,1198092
0,1198496
0,1198904
0,1199312
0,1199720
0,1200128
0,1200536
0,1200944
0,1201356
0,1201760
0,1202164
0,1202576
0,1202984
0,1203396
0,1203800
0,1204204
0,1204616
0,1205020
0,1205432
0,1205840
0,1206244
0,1206656
0,1207060
0,1207472
0,1207876
0,1208284
0,1208696
0,1209100
0,1209512
0,1209920
0,1210324
0,1210736
0,1211140
0,1211552
0,1211960
0,1212364
0,1212776
0,1213184
0,1213596
0,1214000
0,1214408
0,1214820
0,1215224
0,1215636
0,1216044
0,1216448
0,1216860
0,1217264
0,1217676
0,1218080
0,1218488
0,1218900
0,1219304
0,1219716
0,1220120
0,1220524
0,1220936
0,1221344
0,1221756
0,1222160
0,1222568
0,1222980
0,1223384
0,1223796
0,1224204
0,1224608
0,1225020
0,1225424
0,1225840
0,1226244
0,1226648
0,1227060
0,1227468
0,1227880
0,1228288
0,1228692
0,1229104
0,1229512
0,1229920
0,1230324
0,1230732
0,1231140
0,1231548
0,1231956
0,1232364
0,1232768
0,1233180
0,1233584
0,1233996
0,1234400
0,1234804
0,1235216
0,1235620
0,1236032
0,1236436
0,1236840
0,1237252
0,1237656
0,1238068
0,1238476
0,1238880
0,1239292
0,1239696
0,1240108
0,1240512
0,1240916
0,1241328
0,1241732
0,1242144
0,1242548
0,1242956
0,1243368
0,1243772
0,1244184
0,1244588
0,1244992
0,1245404
0,1245808
0,1246220
0,1246628
0,1247032
0,1247444
0,1247852
0,1248264
0,1248668
0,1249072
0,1249484
0,1249888
0,1250292
0,1250704
0,1251112
0,1251524
0,1251928
0,1252332
0,1252744
0,1253152
0,1253564
0,1253968
0,1254372
0,1254788
0,1255192
0,1255604
0,1256008
0,1256412
0,1256824
0,1257228
0,1257640
0,1258048
0,1258452
0,1258864
0,1259268
0,1259680
0,1260088
0,1260492
0,1260904
0,1261308
0,1261720
0,1262124
0,1262532
0,1262944
0,1263348
0,1263760
0,1264168
0,1264572
0,1264984
0,1265388
0,1265800
0,1266208
0,1266612
0,1267024
0,1267432
0,1267844
0,1268248
0,1268656
0,1269068
0,1269472
0,1269884
0,1270292
0,1270696
0,1271108
0,1271516
0,1271928
0,1272332
0,1272740
0,1273152
0,1273556
0,1273972
0,1274376
0,1274784
0,1275196
0,1275604
0,1276016
0,1276420
0,1276828
0,1277240
0,1277644
0,1278056
0,1278464
0,1278868
0,1279284
0,1279688
0,1280100
0,1280504
0,1280908
0,1281316
0,1281720
0,1282132
0,1282536
0,1282940
0,1283352
0,1283756
0,1284164
0,1284568
0,1284972
0,1285384
0,1285788
0,1286196
0,1286604
0,1287008
0,1287416
0,1287820
0,1288232
0,1288636
0,1289040
0,1289452
0,1289856
0,1290268
0,1290672
0,1291076
0,1291488
0,1291892
0,1292304
0,1292708
0,1293112
0,1293524
0,1293928
0,1294332
0,1294744
0,1295148
0,1295560
0,1295964
0,1296372
0,1296780
0,1297188
0,1297596
0,1298004
0,1298408
0,1298820
0,1299224
0,1299632
0,1300040
0,1300444
0,1300856
0,1301260
0,1301672
0,1302076
0,1302480
0,1302892
0,1303296
0,1303708
0,1304116
0,1304520
0,1304932
0,1305336
0,1305748
0,1306152
0,1306560
0,1306968
0,1307376
0,1307784
0,1308192
0,1308596
0,1309008
0,1309412
0,1309824
0,1310232
0,1310636
0,1311048
0,1311452
0,1311864
0,1312268
0,1312672
0,1313084
0,1313488
0,1313896
0,1314300
0,1314704
0,1315116
0,1315520
0,1315932
0,1316336
0,1316740
0,1317152
0,1317556
0,1317968
0,1318372
0,1318776
0,1319188
0,1319592
0,1320004
0,1320408
0,1320812
0,1321220
0,1321624
0,1322036
0,1322440
0,1322844
0,1323252
0,1323660
0,1324068
0,1324472
0,1324880
0,1325288
0,1325692
0,1326104
0,1326508
0,1326912
0,1327324
0,1327728
0,1328140
0,1328544
0,1328948
0,1329360
0,1329764
0,1330168
0,1330580
0,1330984
0,1331396
0,1331800
0,1332204
0,1332616
0,1333020
0,1333428
0,1333832
0,1334236
0,1334648
0,1335052
0,1335464
0,1335868
0,1336272
0,1336684
0,1337088
0,1337500
0,1337904
0,1338308
0,1338720
0,1339124
0,1339536
0,1339940
0,1340344
0,1340756
0,1341160
0,1341572
0,1341976
0,1342380
0,1342792
0,1343200
0,1343608
0,1344016
0,1344416
0,1344828
0,1345232
0,1345644
0,1346044
0,1346452
0,1346860
0,1347264
0,1347676
0,1348080
0,1348484
0,1348896
0,1349300
0,1349712
0,1350116
0,1350520
0,1350932
0,1351336
0,1351748
0,1352152
0,1352556
0,1352968
0,1353372
0,1353784
0,1354188
0,1354592
0,1355004
0,1355408
0,1355820
0,1356224
0,1356628
0,1357040
0,1357444
0,1357856
0,1358260
0,1358664
0,1359076
0,1359480
0,1359892
0,1360296
0,1360700
0,1361112
0,1361516
0,1361928
0,1362332
0,1362736
0,1363148
0,1363552
0,1363956
0,1364368
0,1364772
0,1365184
0,1365588
0,1365992
0,1366404
0,1366808
0,1367220
0,1367624
0,1368028
0,1368440
0,1368844
0,1369256
0,1369660
0,1370064
0,1370476
0,1370880
0,1371292
0,1371696
0,1372100
0,1372512
0,1372916
0,1373328
0,1373732
0,1374140
0,1374552
0,1374956
0,1375368
0,1375772
0,1376180
0,1376588
0,1376992
0,1377404
0,1377808
0,1378212
0,1378624
0,1379028
0,1379440
0,1379848
0,1380252
0,1380664
0,1381068
0,1381480
0,1381884
0,1382292
0,1382704
0,1383108
0,1383520
0,1383924
0,1384328
0,1384740
0,1385144
0,1385556
0,1385960
0,1386364
0,1386776
0,1387180
0,1387592
0,1388000
0,1388404
0,1388816
0,1389220
0,1389628
0,1390036
0,1390440
0,1390852
0,1391256
0,1391668
0,1392076
0,1392480
0,1392892
0,1393296
0,1393708
0,1394112
0,1394516
0,1394928
0,1395332
0,1395744
0,1396148
0,1396556
0,1396964
0,1397372
0,1397780
0,1398188
0,1398592
0,1399004
0,1399408
0,1399820
0,1400224
0,1400632
0,1401044
0,1401448
0,1401852
0,1402264
0,1402668
0,1403080
0,1403484
0,1403892
0,1404304
0,1404708
0,1405120
0,1405524
0,1405928
0,1406340
0,1406748
0,1407160
0,1407564
0,1407972
0,1408384
0,1408788
0,1409200
0,1409604
0,1410008
0,1410420
0,1410824
0,1411232
0,1411640
0,1412044
0,1412456
0,1412860
0,1413272
0,1413676
0,1414080
0,1414492
0,1414896
0,1415308
0,1415712
0,1416116
0,1416528
0,1416932
0,1417344
0,1417748
0,1418156
0,1418568
0,1418972
0,1419384
0,1419788
0,1420192
0,1420604
0,1421012
0,1421424
0,1421828
0,1422232
0,1422644
0,1423052
0,1423464
0,1423868
0,1424272
0,1424684
0,1425088
0,1425500
0,1425904
0,1426312
0,1426724
0,1427128
0,1427540
0,1427948
0,1428352
0,1428764
0,1429172
0,1429584
0,1429988
0,1430396
0,1430808
0,1431212
0,1431624
0,1432032
0,1432436
0,1432848
0,1433256
0,1433668
0,1434072
0,1434476
0,1434888
0,1435292
0,1435704
0,1436108
0,1436512
0,1436924
0,1437328
0,1437740
0,1438144
0,1438552
0,1438964
0,1439368
0,1439780
0,1440184
0,1440588
0,1441000
0,1441404
0,1441812
0,1442216
0,1442624
0,1443032
0,1443440
0,1443848
0,1444252
0,1444656
0,1445068
0,1445472
0,1445876
0,1446288
0,1446692
0,1447104
0,1447508
0,1447916
0,1448324
0,1448732
0,1449140
0,1449544
0,1449952
0,1450364
0,1450768
0,1451180
0,1451584
0,1451988
0,1452400
0,1452808
0,1453216
0,1453624
0,1454028
0,1454440
0,1454844
0,1455256
0,1455660
0,1456064
0,1456476
0,1456880
0,1457292
0,1457696
0,1458104
0,1458512
0,1458920
0,1459332
0,1459736
0,1460140
0,1460552
0,1460956
0,1461368
0,1461772
0,1462180
0,1462588
0,1462996
0,1463408
0,1463812
0,1464220
0,1464628
0,1465036
0,1465448
0,1465852
0,1466256
0,1466668
0,1467072
0,1467484
0,1467892
0,1468296
0,1468708
0,1469116
0,1469528
0,1469932
0,1470340
0,1470752
0,1471156
0,1471568
0,1471976
0,1472384
0,1472796
0,1473200
0,1473612
0,1474016
0,1474420
0,1474832
0,1475240
0,1475648
0,1476052
0,1476456
0,1476868
0,1477272
0,1477684
0,1478088
0,1478496
0,1478904
0,1479308
0,1479720
0,1480128
0,1480532
0,1480940
0,1481348
0,1481760
0,1482164
0,1482568
0,1482980
0,1483384
0,1483796
0,1484200
0,1484608
0,1485020
0,1485424
0,1485832
0,1486240
0,1486644
0,1487052
0,1487460
0,1487864
0,1488276
0,1488680
0,1489088
0,1489496
0,1489900
0,1490312
0,1490716
0,1491128
0,1491536
0,1491940
0,1492352
0,1492756
0,1493168
0,1493572
0,1493980
0,1494392
0,1494800
0,1495208
0,1495616
0,1496020
0,1496432
0,1496836
0,1497248
0,1497652
0,1498056
0,1498468
0,1498872
0,1499284
0,1499688
0,1500096
0,1500508
0,1500912
0,1501324
0,1501728
0,1502136
0,1502548
0,1502952
0,1503368
0,1503772
0,1504180
0,1504588
0,1504996
0,1505408
0,1505812
0,1506216
0,1506628
0,1507036
0,1507448
0,1507852
0,1508260
0,1508668
0,1509076
0,1509488
0,1509896
0,1510300
0,1510712
0,1511120
0,1511532
0,1511936
0,1512344
0,1512756
0,1513160
0,1513576
0,1513980
0,1514388
0,1514800
0,1515204
0,1515616
0,1516024
0,1516428
0,1516840
0,1517244
0,1517656
0,1518064
0,1518468
0,1518880
0,1519288
0,1519700
0,1520104
0,1520512
0,1520924
0,1521328
0,1521740
0,1522144
0,1522552
0,1522964
0,1523368
0,1523780
0,1524184
0,1524592
0,1525004
0,1525408
0,1525820
0,1526228
0,1526632
0,1527044
0,1527448
0,1527860
0,1528268
0,1528672
0,1529084
0,1529492
0,1529904
0,1530312
0,1530716
0,1531128
0,1531536
0,1531948
0,1532356
0,1532760
0,1533176
0,1533580
0,1533996
0,1534400
0,1534808
0,1535220
0,1535628
0,1536040
0,1536444
0,1536848
0,1537256
0,1537664
0,1538072
0,1538476
0,1538884
0,1539292
0,1539696
0,1540108
0,1540512
0,1540920
0,1541328
0,1541736
0,1542140
0,1542552
0,1542956
0,1543368
0,1543772
0,1544180
0,1544588
0,1544996
0,1545404
0,1545812
0,1546216
0,1546628
0,1547032
0,1547444
0,1547852
0,1548256
0,1548668
0,1549072
0,1549484
0,1549888
0,1550296
0,1550708
0,1551112
0,1551528
0,1551932
0,1552336
0,1552748
0,1553156
0,1553568
0,1553972
0,1554380
0,1554792
0,1555196
0,1555612
0,1556016
0,1556420
0,1556832
0,1557240
0,1557648
0,1558056
0,1558460
0,1558872
0,1559276
0,1559688
0,1560096
0,1560500
0,1560912
0,1561316
0,1561728
0,1562132
0,1562540
0,1562948
0,1563356
0,1563768
0,1564172
0,1564576
0,1564988
0,1565392
0,1565804
0,1566212
0,1566616
0,1567028
0,1567436
0,1567848
0,1568252
0,1568656
0,1569068
0,1569472
0,1569884
0,1570288
0,1570696
0,1571108
0,1571512
0,1571924
0,1572332
0,1572736
0,1573148
0,1573552
0,1573968
0,1574372
0,1574780
0,1575192
0,1575596
0,1576008
0,1576416
0,1576820
0,1577232
0,1577640
0,1578048
0,1578456
0,1578860
0,1579272
0,1579676
0,1580092
0,1580496
0,1580900
0,1581312
0,1581720
0,1582132
0,1582536
0,1582944
0,1583356
0,1583764
0,1584176
0,1584580
0,1584988
0,1585400
0,1585804
0,1586216
0,1586624
0,1587028
0,1587444
0,1587848
0,1588260
0,1588664
0,1589068
0,1589480
0,1589888
0,1590300
0,1590704
0,1591112
0,1591524
0,1591932
0,1592344
0,1592748
0,1593156
0,1593568
0,1593976
0,1594388
0,1594796
0,1595200
0,1595612
0,1596020
0,1596432
0,1596840
0,1597244
0,1597656
0,1598064
0,1598476
0,1598880
0,1599288
0,1599700
0,1600108
0,1600512
0,1600920
0,1601324
0,1601736
0,1602140
0,1602544
0,1602956
0,1603360
0,1603772
0,1604176
0,1604580
0,1604988
0,1605396
0,1605804
0,1606212
0,1606616
0,1607028
0,1607432
0,1607844
0,1608248
0,1608652
0,1609064
0,1609468
0,1609880
0,1610284
0,1610688
0,1611100
0,1611504
0,1611916
0,1612324
0,1612728
0,1613140
0,1613544
0,1613956
0,1614360
0,1614768
0,1615180
0,1615584
0,1615996
0,1616404
0,1616808
0,1617216
0,1617624
0,1618036
0,1618440
0,1618844
0,1619256
0,1619660
0,1620072
0,1620476
0,1620880
0,1621292
0,1621696
0,1622108
0,1622512
0,1622920
0,1623332
0,1623736
0,1624148
0,1624552
0,1624960
0,1625368
0,1625776
0,1626188
0,1626592
0,1626996
0,1627408
0,1627816
0,1628228
0,1628632
0,1629036
0,1629448
0,1629856
0,1630268
0,1630672
0,1631080
0,1631492
0,1631896
0,1632308
0,1632716
0,1633120
0,1633532
0,1633940
0,1634352
0,1634756
0,1635164
0,1635576
0,1635980
0,1636392
0,1636800
0,1637204
0,1637616
0,1638024
0,1638436
0,1638840
0,1639240
0,1639652
0,1640056
0,1640464
0,1640868
0,1641272
0,1641680
0,1642084
0,1642488
0,1642896
0,1643300
0,1643712
0,1644116
0,1644520
0,1644928
0,1645332
0,1645744
0,1646148
0,1646552
0,1646960
0,1647364
0,1647776
0,1648180
0,1648584
0,1648996
0,1649396
0,1649808
0,1650212
0,1650616
0,1651028
0,1651432
0,1651840
0,1652244
0,1652648
0,1653060
0,1653464
0,1653876
0,1654280
0,1654684
0,1655092
0,1655500
0,1655908
0,1656316
0,1656720
0,1657132
0,1657536
0,1657948
0,1658352
0,1658756
0,1659168
0,1659572
0,1659984
0,1660388
0,1660792
0,1661204
0,1661608
0,1662020
0,1662424
0,1662828
0,1663240
0,1663644
0,1664056
0,1664456
0,1664860
0,1665272
0,1665676
0,1666084
0,1666488
0,1666892
0,1667304
0,1667708
0,1668116
0,1668520
0,1668924
0,1669336
0,1669740
0,1670148
0,1670556
0,1670960
0,1671368
0,1671772
0,1672176
0,1672588
0,1672992
0,1673404
0,1673808
0,1674212
0,1674624
0,1675028
0,1675440
0,1675844
0,1676248
0,1676660
0,1677064
0,1677476
0,1677880
0,1678284
0,1678696
0,1679100
0,1679512
0,1679916
0,1680324
0,1680732
0,1681136
0,1681548
0,1681952
0,1682356
0,1682764
0,1683168
0,1683580
0,1683984
0,1684388
0,1684800
0,1685204
0,1685612
0,1686016
0,1686424
0,1686832
0,1687236
0,1687648
0,1688052
0,1688456
0,1688868
0,1689272
0,1689684
0,1690088
0,1690488
0,1690900
0,1691304
0,1691716
0,1692120
0,1692524
0,1692932
0,1693340
0,1693748
0,1694152
0,1694560
0,1694968
0,1695376
0,1695784
0,1696192
0,1696592
0,1697004
0,1697408
0,1697820
0,1698224
0,1698628
0,1699040
0,1699444
0,1699856
0,1700260
0,1700664
0,1701072
0,1701480
0,1701884
0,1702296
0,1702700
0,1703112
0,1703516
0,1703920
0,1704332
0,1704736
0,1705148
0,1705552
0,1705956
0,1706368
0,1706772
0,1707184
0,1707592
0,1707996
0,1708408
0,1708812
0,1709224
0,1709628
0,1710032
0,1710444
0,1710848
0,1711260
0,1711668
0,1712072
0,1712484
0,1712888
0,1713300
0,1713704
0,1714108
0,1714520
0,1714928
0,1715340
0,1715744
0,1716148
0,1716560
0,1716964
0,1717376
0,1717780
0,1718188
0,1718600
0,1719004
0,1719416
0,1719820
0,1720228
0,1720640
0,1721044
0,1721452
0,1721860
0,1722264
0,1722672
0,1723080
0,1723488
0,1723896
0,1724300
0,1724712
0,1725116
0,1725528
0,1725936
0,1726340
0,1726752
0,1727156
0,1727568
0,1727976
0,1728380
0,1728792
0,1729196
0,1729608
0,1730012
0,1730416
0,1730828
0,1731232
0,1731644
0,1732048
0,1732452
0,1732864
0,1733268
0,1733680
0,1734084
0,1734488
0,1734900
0,1735304
0,1735716
0,1736120
0,1736528
0,1736936
0,1737344
0,1737756
0,1738160
0,1738568
0,1738976
0,1739384
0,1739796
0,1740200
0,1740608
0,1741020
0,1741424
0,1741836
0,1742240
0,1742644
0,1743056
0,1743460
0,1743864
0,1744276
0,1744680
0,1745092
0,1745496
0,1745900
0,1746312
0,1746716
0,1747128
0,1747536
0,1747940
0,1748352
0,1748756
0,1749168
0,1749572
0,1749980
0,1750392
0,1750796
0,1751208
0,1751612
0,1752020
0,1752432
0,1752836
0,1753248
0,1753652
0,1754056
0,1754468
0,1754876
0,1755288
0,1755692
0,1756096
0,1756508
0,1756916
0,1757324
0,1757732
0,1758136
0,1758548
0,1758956
0,1759368
0,1759772
0,1760180
0,1760592
0,1760996
0,1761408
0,1761812
0,1762216
0,1762628
0,1763032
0,1763444
0,1763848
0,1764252
0,1764664
0,1765068
0,1765480
0,1765884
0,1766288
0,1766700
0,1767104
0,1767516
0,1767920
0,1768328
0,1768736
0,1769144
0,1769552
0,1769960
0,1770364
0,1770776
0,1771180
0,1771592
0,1772000
0,1772404
0,1772812
0,1773220
0,1773628
0,1774036
0,1774440
0,1774852
0,1775256
0,1775668
0,1776076
0,1776480
0,1776892
0,1777296
0,1777708
0,1778112
0,1778516
0,1778928
0,1779336
0,1779748
0,1780152
0,1780560
0,1780968
0,1781376
0,1781788
0,1782192
0,1782596
0,1783008
0,1783416
0,1783828
0,1784232
0,1784636
0,1785048
0,1785456
0,1785868
0,1786272
0,1786680
0,1787092
0,1787496
0,1787900
0,1788316
0,1788720
0,1789132
0,1789540
0,1789944
0,1790356
0,1790764
0,1791176
0,1791584
0,1791988
0,1792404
0,1792808
0,1793216
0,1793624
0,1794028
0,1794436
0,1794844
0,1795252
0,1795660
0,1796064
0,1796476
0,1796880
0,1797292
0,1797696
0,1798100
0,1798512
0,1798916
0,1799328
0,1799736
0,1800140
0,1800552
0,1800956
0,1801368
0,1801772
0,1802180
0,1802592
0,1802996
0,1803408
0,1803812
0,1804216
0,1804628
0,1805032
0,1805444
0,1805848
0,1806252
0,1806660
0,1807068
0,1807476
0,1807884
0,1808288
0,1808696
0,1809104
0,1809512
0,1809920
0,1810324
0,1810736
0,1811140
0,1811552
0,1811956
0,1812364
0,1812772
0,1813180
0,1813592
0,1813996
0,1814400
0,1814812
0,1815216
0,1815628
0,1816036
0,1816440
0,1816852
0,1817256
0,1817668
0,1818072
0,1818476
0,1818888
0,1819292
0,1819704
0,1820108
0,1820516
0,1820928
0,1821332
0,1821744
0,1822148
0,1822556
0,1822968
0,1823372
0,1823784
0,1824188
0,1824592
0,1825004
0,1825408
0,1825820
0,1826224
0,1826632
0,1827044
0,1827448
0,1827860
0,1828264
0,1828668
0,1829080
0,1829484
0,1829896
0,1830304
0,1830708
0,1831120
0,1831528
0,1831932
0,1832344
0,1832752
0,1833164
0,1833568
0,1833972
0,1834384
0,1834792
0,1835204
0,1835608
0,1836016
0,1836428
0,1836832
0,1837244
0,1837648
0,1838056
0,1838468
0,1838872
0,1839284
0,1839692
0,1840096
0,1840508
0,1840916
0,1841328
0,1841732
0,1842136
0,1842552
0,1842956
0,1843368
0,1843772
0,1844176
0,1844588
0,1844992
0,1845404
0,1845808
0,1846212
0,1846624
0,1847028
0,1847440
0,1847844
0,1848248
0,1848660
0,1849064
0,1849476
0,1849880
0,1850284
0,1850696
0,1851100
0,1851512
0,1851920
0,1852324
0,1852736
0,1853144
0,1853552
0,1853960
0,1854364
0,1854776
0,1855180
0,1855596
0,1856000
0,1856404
0,1856816
0,1857220
0,1857628
0,1858036
0,1858440
0,1858852
0,1859256
0,1859668
0,1860072
0,1860476
0,1860888
0,1861292
0,1861704
0,1862108
0,1862516
0,1862928
0,1863332
0,1863744
0,1864148
0,1864552
0,1864964
0,1865368
0,1865780
0,1866188
0,1866592
0,1867004
0,1867408
0,1867820
0,1868228
0,1868632
0,1869044
0,1869448
0,1869860
0,1870264
0,1870672
0,1871084
0,1871488
0,1871900
0,1872308
0,1872712
0,1873124
0,1873528
0,1873940
0,1874348
0,1874752
0,1875164
0,1875568
0,1875980
0,1876388
0,1876792
0,1877204
0,1877612
0,1878024
0,1878428
0,1878836
0,1879248
0,1879652
0,1880060
0,1880472
0,1880876
0,1881288
0,1881692
0,1882100
0,1882512
0,1882916
0,1883328
0,1883736
0,1884140
0,1884552
0,1884960
0,1885368
0,1885776
0,1886180
0,1886592
0,1886996
0,1887408
0,1887816
0,1888220
0,1888632
0,1889036
0,1889448
0,1889856
0,1890260
0,1890672
0,1891076
0,1891488
0,1891896
0,1892300
0,1892712
0,1893120
0,1893532
0,1893936
0,1894344
0,1894756
0,1895160
0,1895572
0,1895980
0,1896384
0,1896796
0,1897200
0,1897612
0,1898020
0,1898424
0,1898836
0,1899240
0,1899652
0,1900060
0,1900464
0,1900876
0,1901280
0,1901692
0,1902100
0,1902504
0,1902916
0,1903324
0,1903736
0,1904144
0,1904548
0,1904960
0,1905368
0,1905780
0,1906184
0,1906588
0,1907000
0,1907408
0,1907820
0,1908224
0,1908632
0,1909044
0,1909448
0,1909864
0,1910268
0,1910676
0,1911088
0,1911492
0,1911904
0,1912312
0,1912720
0,1913132
0,1913540
0,1913952
0,1914360
0,1914764
0,1915180
0,1915584
0,1916000
0,1916404
0,1916812
0,1917224
0,1917628
0,1918040
0,1918448
0,1918856
0,1919268
0,1919676
0,1920088
0,1920492
0,1920896
0,1921308
0,1921712
0,1922124
0,1922528
0,1922936
0,1923344
0,1923752
0,1924164
0,1924568
0,1924972
0,1925384
0,1925788
0,1926200
0,1926604
0,1927008
0,1927420
0,1927828
0,1928236
0,1928644
0,1929048
0,1929460
0,1929864
0,1930276
0,1930680
0,1931084
0,1931496
0,1931904
0,1932316
0,1932720
0,1933128
0,1933540
0,1933944
0,1934356
0,1934764
0,1935168
0,1935580
0,1935984
0,1936400
0,1936804
0,1937208
0,1937620
0,1938024
0,1938428
0,1938840
0,1939248
0,1939660
0,1940064
0,1940468
0,1940880
0,1941288
0,1941700
0,1942104
0,1942512
0,1942924
0,1943328
0,1943740
0,1944148
0,1944552
0,1944968
0,1945372
0,1945784
0,1946188
0,1946596
0,1947004
0,1947412
0,1947824
0,1948228
0,1948632
0,1949044
0,1949448
0,1949860
0,1950268
0,1950672
0,1951084
0,1951492
0,1951904
0,1952308
0,1952716
0,1953128
0,1953532
0,1953944
0,1954348
0,1954756
0,1955168
0,1955576
0,1955988
0,1956392
0,1956800
0,1957208
0,1957616
0,1958028
0,1958432
0,1958840
0,1959248
0,1959656
0,1960068
0,1960472
0,1960880
0,1961292
0,1961696
0,1962108
0,1962512
0,1962920
0,1963332
0,1963736
0,1964148
0,1964556
0,1964964
0,1965372
0,1965780
0,1966192
0,1966596
0,1967004
0,1967412
0,1967820
0,1968232
0,1968636
0,1969040
0,1969452
0,1969856
0,1970268
0,1970672
0,1971080
0,1971492
0,1971896
0,1972308
0,1972712
0,1973116
0,1973528
0,1973936
0,1974344
0,1974752
0,1975156
0,1975568
0,1975976
0,1976388
0,1976792
0,1977196
0,1977608
0,1978012
0,1978424
0,1978828
0,1979236
0,1979648
0,1980052
0,1980464
0,1980868
0,1981276
0,1981688
0,1982092
0,1982504
0,1982908
0,1983316
0,1983728
0,1984136
0,1984544
0,1984948
0,1985356
0,1985768
0,1986172
0,1986584
0,1986988
0,1987392
0,1987804
0,1988208
0,1988620
0,1989024
0,1989432
0,1989844
0,1990248
0,1990656
0,1991068
0,1991472
0,1991884
0,1992288
0,1992696
0,1993108
0,1993512
0,1993924
0,1994332
0,1994736
0,1995148
0,1995556
0,1995968
0,1996376
0,1996780
0,1997192
0,1997600
0,1998012
0,1998416
0,1998820
0,1999232
0,1999640
0,2000052
0,2000456
0,2000860
0,2001272
0,2001676
0,2002088
0,2002492
0,2002896
0,2003308
0,2003712
0,2004124
0,2004528
0,2004932
0,2005344
0,2005752
0,2006164
0,2006568
0,2006976
0,2007388
0,2007792
0,2008204
0,2008608
0,2009012
0,2009424
0,2009828
0,2010240
0,2010644
0,2011048
0,2011460
0,2011868
0,2012280
0,2012684
0,2013088
0,2013500
0,2013908
0,2014320
0,2014724
0,2015128
0,2015540
0,2015948
0,2016360
0,2016764
0,2017172
0,2017584
0,2017988
0,2018400
0,2018804
0,2019212
0,2019620
0,2020028
0,2020440
0,2020844
0,2021248
0,2021660
0,2022068
0,2022480
0,2022884
0,2023288
0,2023700
0,2024104
0,2024516
0,2024920
0,2025328
0,2025740
0,2026144
0,2026556
0,2026964
0,2027368
0,2027780
0,2028188
0,2028600
0,2029004
0,2029408
0,2029820
0,2030228
0,2030640
0,2031044
0,2031452
0,2031864
0,2032268
0,2032680
0,2033088
0,2033492
0,2033904
0,2034312
0,2034724
0,2035128
0,2035536
0,2035948
0,2036356
0,2036768
0,2037172
0,2037580
0,2037992
0,2038400
0,2038812
0,2039216
0,2039624
0,2040036
0,2040440
0,2040852
0,2041260
0,2041664
0,2042076
0,2042484
0,2042896
0,2043300
0,2043708
0,2044120
0,2044524
0,2044940
0,2045344
0,2045752
0,2046164
0,2046572
0,2046984
0,2047392
0,2047800
0,2048212
0,2048616
0,2049016
0,2049428
0,2049832
0,2050240
0,2050644
0,2051048
0,2051456
0,2051860
0,2052272
0,2052676
0,2053080
0,2053492
0,2053896
0,2054304
0,2054708
0,2055112
0,2055524
0,2055928
0,2056340
0,2056744
0,2057148
0,2057560
0,2057964
0,2058376
0,2058780
0,2059184
0,2059596
0,2060000
0,2060408
0,2060812
0,2061216
0,2061628
0,2062032
0,2062444
0,2062848
0,2063252
0,2063660
0,2064068
0,2064476
0,2064880
0,2065284
0,2065696
0,2066100
0,2066512
0,2066916
0,2067320
0,2067732
0,2068136
0,2068548
0,2068952
0,2069356
0,2069768
0,2070172
0,2070580
0,2070988
0,2071392
0,2071804
0,2072208
0,2072620
0,2073024
0,2073428
0,2073840
0,2074244
0,2074656
0,2075060
0,2075464
0,2075876
0,2076280
0,2076692
0,2077096
0,2077504
0,2077912
0,2078320
0,2078732
0,2079136
0,2079540
0,2079952
0,2080360
0,2080764
0,2081172
0,2081576
0,2081988
0,2082392
0,2082796
0,2083208
0,2083612
0,2084024
0,2084428
0,2084832
0,2085244
0,2085648
0,2086056
0,2086464
0,2086868
0,2087276
0,2087680
0,2088092
0,2088496
0,2088900
0,2089312
0,2089716
0,2090128
0,2090532
0,2090936
0,2091348
0,2091752
0,2092164
0,2092568
0,2092972
0,2093384
0,2093788
0,2094200
0,2094604
0,2095008
0,2095420
0,2095824
0,2096236
0,2096640
0,2097044
0,2097456
0,2097860
0,2098272
0,2098676
0,2099084
0,2099496
0,2099900
0,2100308
0,2100712
0,2101120
0,2101528
0,2101936
0,2102344
0,2102752
0,2103156
0,2103568
0,2103972
0,2104384
0,2104788
0,2105196
0,2105608
0,2106012
0,2106420
0,2106828
0,2107232
0,2107644
0,2108048
0,2108460
0,2108864
0,2109272
0,2109684
0,2110088
0,2110496
0,2110904
0,2111308
0,2111720
0,2112128
0,2112536
0,2112940
0,2113348
0,2113756
0,2114164
0,2114572
0,2114976
0,2115384
0,2115792
0,2116200
0,2116604
0,2117016
0,2117420
0,2117832
0,2118240
0,2118644
0,2119056
0,2119460
0,2119872
0,2120276
0,2120684
0,2121092
0,2121500
0,2121912
0,2122316
0,2122724
0,2123132
0,2123540
0,2123952
0,2124356
0,2124764
0,2125176
0,2125580
0,2125992
0,2126396
0,2126804
0,2127216
0,2127620
0,2128032
0,2128436
0,2128844
0,2129252
0,2129660
0,2130072
0,2130476
0,2130880
0,2131292
0,2131696
0,2132104
0,2132512
0,2132916
0,2133328
0,2133732
0,2134144
0,2134548
0,2134952
0,2135364
0,2135772
0,2136180
0,2136588
0,2136992
0,2137404
0,2137808
0,2138220
0,2138624
0,2139032
0,2139444
0,2139848
0,2140260
0,2140664
0,2141068
0,2141480
0,2141884
0,2142296
0,2142704
0,2143108
0,2143520
0,2143928
0,2144340
0,2144744
0,2145148
0,2145560
0,2145968
0,2146376
0,2146784
0,2147188
0,2147600
0,2148008
0,2148420
0,2148824
0,2149228
0,2149640
0,2150048
0,2150460
0,2150864
0,2151268
0,2151680
0,2152084
0,2152492
0,2152896
0,2153304
0,2153716
0,2154120
0,2154532
0,2154936
0,2155340
0,2155752
0,2156160
0,2156568
0,2156976
0,2157380
0,2157792
0,2158196
0,2158608
0,2159016
0,2159420
0,2159832
0,2160240
0,2160648
0,2161056
0,2161460
0,2161872
0,2162276
0,2162680
0,2163092
0,2163496
0,2163908
0,2164316
0,2164720
0,2165132
0,2165536
0,2165948
0,2166352
0,2166760
0,2167172
0,2167576
0,2167988
0,2168396
0,2168800
0,2169212
0,2169616
0,2170028
0,2170432
0,2170840
0,2171252
0,2171656
0,2172068
0,2172472
0,2172880
0,2173292
0,2173696
0,2174108
0,2174512
0,2174920
0,2175332
0,2175736
0,2176152
0,2176556
0,2176960
0,2177368
0,2177776
0,2178184
0,2178588
0,2178996
0,2179404
0,2179812
0,2180224
0,2180628
0,2181032
0,2181444
0,2181848
0,2182260
0,2182664
0,2183072
0,2183480
0,2183888
0,2184300
0,2184704
0,2185108
0,2185520
0,2185928
0,2186340
0,2186744
0,2187148
0,2187560
0,2187968
0,2188380
0,2188784
0,2189192
0,2189604
0,2190008
0,2190420
0,2190824
0,2191232
0,2191644
0,2192048
0,2192460
0,2192864
0,2193268
0,2193680
0,2194088
0,2194496
0,2194904
0,2195308
0,2195720
0,2196128
0,2196540
0,2196944
0,2197348
0,2197760
0,2198168
0,2198580
0,2198984
0,2199392
0,2199804
0,2200208
0,2200620
0,2201028
0,2201432
0,2201848
0,2202252
0,2202664
0,2203068
0,2203472
0,2203884
0,2204292
0,2204704
0,2205108
0,2205512
0,2205928
0,2206332
0,2206744
0,2207148
0,2207556
0,2207968
0,2208376
0,2208788
0,2209192
0,2209600
0,2210008
0,2210416
0,2210828
0,2211232
0,2211640
0,2212052
0,2212456
0,2212860
0,2213272
0,2213676
0,2214088
0,2214496
0,2214900
0,2215312
0,2215716
0,2216128
0,2216532
0,2216940
0,2217352
0,2217756
0,2218168
0,2218576
0,2218980
0,2219392
0,2219796
0,2220208
0,2220616
0,2221020
0,2221432
0,2221840
0,2222252
0,2222656
0,2223064
0,2223476
0,2223880
0,2224296
0,2224700
0,2225104
0,2225516
0,2225924
0,2226336
0,2226744
0,2227148
0,2227564
0,2227968
0,2228380
0,2228784
0,2229192
0,2229604
0,2230008
0,2230420
0,2230828
0,2231232
0,2231644
0,2232052
0,2232464
0,2232872
0,2233276
0,2233688
0,2234096
0,2234508
0,2234912
0,2235320
0,2235732
0,2236136
0,2236548
0,2236956
0,2237364
0,2237776
0,2238180
0,2238596
0,2239000
0,2239408
0,2239820
0,2240228
0,2240640
0,2241044
0,2241448
0,2241860
0,2242264
0,2242676
0,2243080
0,2243488
0,2243900
0,2244304
0,2244716
0,2245120
0,2245528
0,2245940
0,2246344
0,2246756
0,2247164
0,2247568
0,2247980
0,2248388
0,2248800
0,2249204
0,2249608
0,2250020
0,2250428
0,2250836
0,2251244
0,2251652
0,2252064
0,2252468
0,2252880
0,2253284
0,2253688
0,2254100
0,2254504
0,2254916
0,2255320
0,2255728
0,2256140
0,2256544
0,2256952
0,2257360
0,2257764
0,2258176
0,2258580
0,2258992
0,2259396
0,2259800
0,2260212
0,2260620
0,2261028
0,2261436
0,2261840
0,2262252
0,2262660
0,2263072
0,2263476
0,2263880
0,2264292
0,2264700
0,2265108
0,2265516
0,2265924
0,2266332
0,2266740
0,2267152
0,2267556
0,2267964
0,2268376
0,2268780
0,2269192
0,2269600
0,2270004
0,2270416
0,2270820
0,2271228
0,2271640
0,2272048
0,2272456
0,2272864
0,2273268
0,2273680
0,2274084
0,2274496
0,2274904
0,2275308
0,2275720
0,2276124
0,2276536
0,2276944
0,2277348
0,2277760
0,2278168
0,2278580
0,2278984
0,2279392
0,2279804
0,2280208
0,2280620
0,2281024
0,2281432
0,2281844
0,2282248
0,2282660
0,2283064
0,2283472
0,2283884
0,2284288
0,2284700
0,2285108
0,2285512
0,2285924
0,2286332
0,2286744
0,2287148
0,2287556
0,2287968
0,2288376
0,2288788
0,2289192
0,2289600
0,2290012
0,2290416
0,2290828
0,2291236
0,2291640
0,2292056
0,2292460
0,2292872
0,2293280
0,2293684
0,2294096
0,2294504
0,2294912
0,2295320
0,2295724
0,2296136
0,2296544
0,2296952
0,2297360
0,2297764
0,2298176
0,2298584
0,2298996
0,2299400
0,2299804
0,2300216
0,2300624
0,2301036
0,2301444
0,2301848
0,2302260
0,2302668
0,2303080
0,2303484
0,2303892
0,2304304
0,2304708
0,2305120
0,2305524
0,2305928
0,2306340
0,2306744
0,2307156
0,2307564
0,2307968
0,2308380
0,2308784
0,2309196
0,2309600
0,2310008
0,2310416
0,2310824
0,2311232
0,2311640
0,2312044
0,2312456
0,2312860
0,2313272
0,2313680
0,2314084
0,2314496
0,2314900
0,2315312
0,2315720
0,2316124
0,2316536
0,2316940
0,2317352
0,2317760
0,2318164
0,2318576
0,2318980
0,2319392
0,2319800
0,2320204
0,2320616
0,2321020
0,2321432
0,2321840
0,2322244
0,2322656
0,2323060
0,2323472
0,2323876
0,2324284
0,2324696
0,2325100
0,2325512
0,2325920
0,2326324
0,2326736
0,2327140
0,2327548
0,2327960
0,2328364
0,2328776
0,2329184
0,2329588
0,2330004
0,2330408
0,2330820
0,2331224
0,2331628
0,2332040
0,2332448
0,2332860
0,2333264
0,2333672
0,2334084
0,2334488
0,2334900
0,2335308
0,2335712
0,2336124
0,2336528
0,2336940
0,2337344
0,2337752
0,2338164
0,2338568
0,2338980
0,2339384
0,2339792
0,2340204
0,2340608
0,2341020
0,2341428
0,2341832
0,2342244
0,2342652
0,2343064
0,2343468
0,2343872
0,2344288
0,2344692
0,2345104
0,2345508
0,2345916
0,2346328
0,2346732
0,2347144
0,2347552
0,2347960
0,2348372
0,2348776
0,2349192
0,2349596
0,2350004
0,2350416
0,2350820
0,2351232
0,2351640
0,2352048
0,2352460
0,2352864
0,2353276
0,2353684
0,2354092
0,2354504
0,2354908
0,2355324
0,2355728
0,2356132
0,2356544
0,2356952
0,2357364
0,2357768
0,2358172
0,2358584
0,2358992
0,2359404
0,2359808
0,2360216
0,2360628
0,2361032
0,2361444
0,2361852
0,2362256
0,2362668
0,2363076
0,2363488
0,2363892
0,2364300
0,2364712
0,2365120
0,2365532
0,2365936
0,2366344
0,2366756
0,2367164
0,2367576
0,2367980
0,2368388
0,2368800
0,2369204
0,2369616
0,2370024
0,2370428
0,2370840
0,2371248
0,2371656
0,2372064
0,2372468
0,2372884
0,2373288
0,2373700
0,2374108
0,2374512
0,2374924
0,2375332
0,2375744
0,2376152
0,2376556
0,2376968
0,2377372
0,2377784
0,2378192
0,2378596
0,2379008
0,2379416
0,2379828
0,2380232
0,2380640
0,2381052
0,2381456
0,2381868
0,2382276
0,2382680
0,2383092
0,2383500
0,2383912
0,2384320
0,2384724
0,2385136
0,2385544
0,2385956
0,2386360
0,2386768
0,2387180
0,2387584
0,2387996
0,2388404
0,2388808
0,2389220
0,2389628
0,2390040
0,2390448
0,2390852
0,2391264
0,2391672
0,2392084
0,2392492
0,2392896
0,2393308
0,2393716
0,2394128
0,2394536
0,2394940
0,2395356
0,2395760
0,2396176
0,2396580
0,2396988
0,2397400
0,2397804
0,2398216
0,2398624
0,2399032
0,2399444
0,2399852
0,2400264
0,2400668
0,2401076
0,2401488
0,2401892
0,2402296
0,2402708
0,2403116
0,2403528
0,2403932
0,2404340
0,2404752
0,2405156
0,2405568
0,2405976
0,2406384
0,2406796
0,2407200
0,2407612
0,2408016
0,2408420
0,2408832
0,2409240
0,2409648
0,2410056
0,2410460
0,2410872
0,2411280
0,2411692
0,2412096
0,2412500
0,2412912
0,2413320
0,2413732
0,2414136
0,2414544
0,2414956
0,2415364
0,2415776
0,2416180
0,2416588
0,2417000
0,2417404
0,2417816
0,2418224
0,2418628
0,2419040
0,2419448
0,2419856
0,2420264
0,2420668
0,2421080
0,2421488
0,2421900
0,2422304
0,2422712
0,2423124
0,2423528
0,2423940
0,2424348
0,2424752
0,2425168
0,2425572
0,2425984
0,2426392
0,2426800
0,2427212
0,2427616
0,2428028
0,2428436
0,2428840
0,2429252
0,2429660
0,2430072
0,2430480
0,2430884
0,2431296
0,2431704
0,2432120
0,2432524
0,2432928
0,2433340
0,2433744
0,2434156
0,2434564
0,2434968
0,2435380
0,2435788
0,2436200
0,2436604
0,2437012
0,2437424
0,2437828
0,2438240
0,2438648
0,2439052
0,2439464
0,2439872
0,2440284
0,2440688
0,2441092
0,2441508
0,2441912
0,2442324
0,2442732
0,2443136
0,2443548
0,2443956
0,2444368
0,2444776
0,2445180
0,2445592
0,2446000
0,2446412
0,2446820
0,2447224
0,2447636
0,2448044
0,2448456
0,2448860
0,2449264
0,2449680
0,2450084
0,2450496
0,2450904
0,2451308
0,2451720
0,2452128
0,2452540
0,2452948
0,2453352
0,2453764
0,2454172
0,2454584
0,2454992
0,2455400
0,2455812
0,2456220
0,2456632
0,2457040
0,2457448
0,2457860
0,2458264
0,2458676
0,2459080
0,2459484
0,2459896
0,2460300
0,2460712
0,2461116
0,2461524
0,2461932
0,2462340
0,2462752
0,2463156
0,2463560
0,2463972
0,2464380
0,2464792
0,2465196
0,2465600
0,2466012
0,2466416
0,2466828
0,2467232
0,2467640
0,2468048
0,2468456
0,2468860
0,2469272
0,2469676
0,2470088
0,2470492
0,2470896
0,2471308
0,2471716
0,2472124
0,2472532
0,2472936
0,2473348
0,2473756
0,2474168
0,2474572
0,2474976
0,2475388
0,2475796
0,2476208
0,2476612
0,2477020
0,2477432
0,2477836
0,2478252
0,2478656
0,2479060
0,2479472
0,2479880
0,2480292
0,2480696
0,2481100
0,2481512
0,2481920
0,2482332
0,2482736
0,2483140
0,2483556
0,2483960
0,2484372
0,2484776
0,2485180
0,2485592
0,2486000
0,2486412
0,2486816
0,2487220
0,2487632
0,2488040
0,2488448
0,2488856
0,2489260
0,2489672
0,2490076
0,2490488
0,2490896
0,2491300
0,2491712
0,2492116
0,2492528
0,2492936
0,2493340
0,2493756
0,2494160
0,2494572
0,2494980
0,2495384
0,2495796
0,2496204
0,2496616
0,2497020
0,2497428
0,2497840
0,2498244
0,2498656
0,2499060
0,2499468
0,2499876
0,2500284
0,2500696
0,2501100
0,2501508
0,2501920
0,2502324
0,2502736
0,2503144
0,2503548
0,2503960
0,2504368
0,2504780
0,2505184
0,2505592
0,2506004
0,2506412
0,2506820
0,2507228
0,2507632
0,2508048
0,2508452
0,2508864
0,2509268
0,2509676
0,2510088
0,2510492
0,2510904
0,2511308
0,2511716
0,2512128
0,2512536
0,2512948
0,2513352
0,2513760
0,2514172
0,2514576
0,2514988
0,2515396
0,2515800
0,2516212
0,2516620
0,2517032
0,2517440
0,2517844
0,2518256
0,2518664
0,2519076
0,2519484
0,2519888
0,2520300
0,2520708
0,2521120
0,2521524
0,2521932
0,2522344
0,2522748
0,2523164
0,2523568
0,2523976
0,2524388
0,2524796
0,2525208
0,2525612
0,2526020
0,2526432
0,2526840
0,2527252
0,2527656
0,2528064
0,2528476
0,2528880
0,2529292
0,2529700
0,2530104
0,2530516
0,2530924
0,2531336
0,2531744
0,2532148
0,2532564
0,2532968
0,2533380
0,2533788
0,2534196
0,2534608
0,2535016
0,2535420
0,2535832
0,2536240
0,2536652
0,2537060
0,2537464
0,2537880
0,2538284
0,2538696
0,2539104
0,2539512
0,2539924
0,2540332
0,2540744
0,2541152
0,2541556
0,2541968
0,2542376
0,2542788
0,2543196
0,2543604
0,2544016
0,2544420
0,2544832
0,2545240
0,2545644
0,2546056
0,2546464
0,2546876
0,2547284
0,2547688
0,2548100
0,2548508
0,2548920
0,2549324
0,2549732
0,2550144
0,2550552
0,2550964
0,2551372
0,2551780
0,2552192
0,2552600
0,2553012
0,2553420
0,2553828
0,2554240
0,2554644
0,2555060
0,2555464
0,2555872
0,2556288
0,2556692
0,2557108
0,2557516
0,2557920
0,2558336
0,2558744
0,2559156
0,2559564
0,2559972
0,2560388
0,2560792
0,2561200
0,2561604
0,2562008
0,2562420
0,2562824
0,2563232
0,2563636
0,2564040
0,2564452
0,2564856
0,2565268
0,2565672
0,2566076
0,2566488
0,2566888
0,2567300
0,2567704
0,2568108
0,2568520
0,2568924
0,2569336
0,2569740
0,2570144
0,2570556
0,2570960
0,2571372
0,2571776
0,2572184
0,2572592
0,2573000
0,2573408
0,2573816
0,2574220
0,2574632
0,2575036
0,2575448
0,2575852
0,2576260
0,2576668
0,2577076
0,2577484
0,2577892
0,2578296
0,2578708
0,2579112
0,2579524
0,2579932
0,2580336
0,2580748
0,2581152
0,2581564
0,2581968
0,2582372
0,2582784
0,2583192
0,2583604
0,2584008
0,2584412
0,2584824
0,2585228
0,2585640
0,2586044
0,2586448
0,2586860
0,2587264
0,2587676
0,2588080
0,2588484
0,2588896
0,2589300
0,2589712
0,2590120
0,2590524
0,2590936
0,2591340
0,2591752
0,2592160
0,2592564
0,2592976
0,2593380
0,2593784
0,2594196
0,2594600
0,2595012
0,2595420
0,2595824
0,2596236
0,2596640
0,2597052
0,2597460
0,2597864
0,2598276
0,2598684
0,2599092
0,2599500
0,2599904
0,2600316
0,2600724
0,2601136
0,2601540
0,2601948
0,2602356
0,2602764
0,2603176
0,2603580
0,2603984
0,2604396
0,2604804
0,2605216
0,2605620
0,2606024
0,2606436
0,2606844
0,2607256
0,2607660
0,2608068
0,2608476
0,2608884
0,2609296
0,2609700
0,2610104
0,2610516
0,2610924
0,2611336
0,2611740
0,2612148
0,2612560
0,2612964
0,2613376
0,2613780
0,2614184
0,2614596
0,2615004
0,2615416
0,2615820
0,2616228
0,2616640
0,2617044
0,2617456
0,2617864
0,2618268
0,2618680
0,2619088
0,2619500
0,2619904
0,2620312
0,2620724
0,2621132
0,2621544
0,2621948
0,2622352
0,2622764
0,2623168
0,2623580
0,2623984
0,2624392
0,2624800
0,2625204
0,2625616
0,2626016
0,2626420
0,2626832
0,2627236
0,2627648
0,2628052
0,2628456
0,2628864
0,2629268
0,2629680
0,2630084
0,2630488
0,2630900
0,2631304
0,2631716
0,2632120
0,2632524
0,2632936
0,2633340
0,2633752
0,2634156
0,2634564
0,2634972
0,2635376
0,2635788
0,2636196
0,2636600
0,2637012
0,2637416
0,2637820
0,2638232
0,2638636
0,2639048
0,2639452
0,2639860
0,2640272
0,2640676
0,2641084
0,2641488
0,2641896
0,2642304
0,2642712
0,2643120
0,2643528
0,2643932
0,2644340
0,2644744
0,2645156
0,2645560
0,2645968
0,2646376
0,2646784
0,2647192
0,2647600
0,2648004
0,2648416
0,2648820
0,2649228
0,2649636
0,2650040
0,2650448
0,2650856
0,2651264
0,2651672
0,2652076
0,2652488
0,2652892
0,2653304
0,2653708
0,2654112
0,2654524
0,2654932
0,2655340
0,2655748
0,2656152
0,2656564
0,2656968
0,2657380
0,2657784
0,2658192
0,2658600
0,2659008
0,2659420
0,2659824
0,2660228
0,2660640
0,2661048
0,2661456
0,2661864
0,2662268
0,2662680
0,2663084
0,2663496
0,2663900
0,2664304
0,2664716
0,2665120
0,2665528
0,2665936
0,2666340
0,2666748
0,2667152
0,2667564
0,2667968
0,2668376
0,2668784
0,2669192
0,2669600
0,2670008
0,2670412
0,2670820
0,2671228
0,2671636
0,2672044
0,2672448
0,2672860
0,2673264
0,2673676
0,2674080
0,2674484
0,2674896
0,2675300
0,2675704
0,2676116
0,2676520
0,2676932
0,2677336
0,2677740
0,2678152
0,2678560
0,2678968
0,2679376
0,2679780
0,2680192
0,2680596
0,2681008
0,2681412
0,2681820
0,2682228
0,2682636
0,2683048
0,2683452
0,2683856
0,2684268
0,2684672
0,2685084
0,2685488
0,2685896
0,2686304
0,2686712
0,2687124
0,2687528
0,2687936
0,2688348
0,2688752
0,2689164
0,2689568
0,2689972
0,2690380
0,2690788
0,2691200
0,2691604
0,2692008
4,2706368
4,2706780
4,2707184
4,2707596
8,2714696
8,2715100
8,2715508
12,2720664
12,2721116
16,2725416
16,2725864
20,2729608
20,2730064
24,2733392
24,2733856
28,2736744
28,2737216
32,2739840
36,2742688
40,2745396
44,2747952
48,2750352
52,2752640
56,2754840
60,2756956
64,2759004
68,2760956
72,2762836
76,2764668
80,2766464
84,2768196
88,2769844
92,2771532
96,2773140
100,2774752
104,2776304
108,2777832
112,2779316
116,2780768
120,2782188
124,2783584
128,2784964
132,2786352
136,2787684
140,2788992
144,2790300
148,2791572
152,2792812
156,2794056
160,2795276
164,2796480
168,2797672
172,2798840
176,2799996
180,2801132
184,2802260
188,2803372
192,2804472
196,2805600
200,2806684
204,2807756
208,2808820
212,2809872
216,2810896
220,2811912
224,2812916
228,2813916
232,2814908
236,2815892
240,2816880
244,2817848
248,2818804
252,2819752
256,2820688
260,2821620
264,2822544
268,2823456
272,2824364
276,2825264
280,2826120
284,2827024
288,2827908
292,2828768
296,2829636
300,2830508
304,2831356
308,2832212
312,2833052
316,2833892
320,2834696
324,2835552
328,2836368
332,2837176
336,2837980
340,2838788
344,2839592
348,2840380
352,2841164
356,2841940
360,2842728
364,2843496
368,2844260
372,2845024
376,2845792
380,2846544
384,2847296
388,2848044
392,2848788
396,2849532
400,2850236
404,2851004
408,2851724
412,2852452
416,2853164
420,2853884
424,2854604
428,2855312
432,2856036
436,2856732
440,2857432
444,2858132
448,2858816
452,2859508
456,2860204
460,2860880
464,2861564
468,2862244
472,2862912
476,2863584
480,2864260
484,2864912
488,2865564
492,2866248
496,2866908
500,2867560
504,2868212
508,2868860
512,2869508
516,2870156
520,2870800
524,2871448
528,2872080
532,2872716
536,2873356
540,2873980
544,2874616
548,2875240
552,2875864
556,2876500
560,2877112
564,2877728
568,2878340
572,2878956
576,2879572
580,2880172
584,2880780
588,2881380
592,2881980
596,2882592
600,2883184
604,2883784
608,2884384
612,2884980
616,2885564
620,2886148
624,2886744
628,2887316
632,2887900
636,2888480
640,2889064
644,2889640
648,2890216
652,2890792
656,2891356
660,2891928
664,2892484
668,2893048
672,2893604
676,2894164
680,2894720
684,2895284
688,2895840
692,2896400
696,2896964
700,2897520
704,2898080
708,2898636
716,2899656
720,2900216
724,2900772
728,2901336
736,2902344
740,2902900
744,2903464
752,2904468
756,2905024
760,2905588
768,2906556
772,2907116
780,2908120
784,2908684
792,2909660
796,2910224
804,2911200
808,2911764
816,2912712
820,2913268
828,2914228
832,2914788
840,2915732
848,2916724
852,2917280
860,2918204
868,2919188
876,2920168
884,2921132
892,2922096
900,2923060
908,2924016
916,2924972
924,2925924
932,2926876
940,2927816
948,2928768
956,2929708
964,2930628
972,2931552
980,2932476
988,2933396
996,2934316
1004,2935276
1012,2936188
1020,2937084
1028,2937992
1036,2938876
1044,2939780
1052,2940668
1060,2941552
1068,2942432
1076,2943300
1084,2944176
1092,2945044
1100,2945904
1108,2946772
1116,2947636
1124,2948488
1132,2949348
1140,2950212
1148,2951056
1156,2951876
1164,2952712
1172,2953544
1180,2954404
1188,2955212
1196,2956060
1204,2956884
1212,2957704
1220,2958528
1228,2959340
1236,2960160
1244,2960972
1252,2961780
1260,2962592
1268,2963388
1276,2964192
1284,2964984
1292,2965780
1300,2966576
1308,2967364
1316,2968152
1324,2968940
1332,2969732
1340,2970508
1348,2971288
1356,2972068
1364,2972848
1372,2973616
1380,2974384
1388,2975156
1396,2975932
1404,2976696
1412,2977460
1420,2978216
1428,2978980
1436,2979732
1444,2980488
1452,2981240
1460,2981992
1468,2982728
1476,2983468
1484,2984204
1492,2984940
1500,2985680
1508,2986416
1516,2987156
1524,2987876
1532,2988604
1540,2989328
1548,2990056
1556,2990772
1564,2991492
1572,2992212
1580,2992924
1588,2993640
1596,2994376
1604,2995064
1612,2995768
1620,2996472
1628,2997180
1636,2997904
1644,2998600
1652,2999308
1660,3000000
1668,3000696
1676,3001396
1684,3002076
1692,3002768
1700,3003464
1708,3004144
1716,3004832
1724,3005524
1732,3006204
1740,3006884
1748,3007576
1756,3008252
1764,3008928
1772,3009608
1780,3010276
1788,3010948
1796,3011632
1804,3012300
1812,3012972
1820,3013644
1828,3014308
1836,3014980
1844,3015644
1852,3016316
1864,3017280
1872,3017952
1880,3018616
1892,3019556
1900,3020228
1908,3020900
1920,3021820
1928,3022488
1940,3023440
1948,3024112
1960,3025040
1968,3025708
1980,3026628
1992,3027580
2004,3028532
2012,3029200
2024,3030112
2036,3031056
2048,3031984
2060,3032920
2072,3033856
2084,3034780
2096,3035712
2108,3036632
2120,3037556
2132,3038480
2144,3039404
2156,3040320
2168,3041220
2180,3042128
2192,3043032
2204,3043948
2216,3044852
2228,3045752
2240,3046656
2252,3047556
2264,3048436
2276,3049320
2288,3050200
2300,3051084
2312,3051964
2324,3052844
2336,3053724
2348,3054588
2360,3055452
2372,3056320
2384,3057184
2396,3058048
2408,3058912
2420,3059768
2432,3060624
2444,3061476
2456,3062328
2468,3063180
2480,3064032
2492,3064876
2504,3065716
2516,3066556
2528,3067396
2540,3068240
2552,3069084
2564,3069912
2576,3070748
2588,3071580
2600,3072412
2612,3073256
2624,3074080
2636,3074896
2648,3075724
2660,3076544
2672,3077360
2684,3078172
2696,3078980
2708,3079792
2720,3080592
2732,3081412
2744,3082212
2756,3083012
2768,3083812
2780,3084612
2792,3085416
2804,3086208
2816,3086996
2828,3087792
2840,3088608
2852,3089376
2864,3090164
2876,3090952
2888,3091728
2900,3092540
2912,3093300
2924,3094084
2936,3094880
2948,3095668
2960,3096436
2972,3097212
2984,3097988
2996,3098768
3008,3099540
3020,3100308
3032,3101076
3044,3101852
3056,3102612
3068,3103372
3080,3104128
3092,3104888
3104,3105640
3116,3106400
3128,3107152
3140,3107912
3152,3108656
3164,3109400
3176,3110156
3188,3110896
3200,3111632
3212,3112384
3224,3113132
3236,3113868
3248,3114608
3260,3115348
3272,3116092
3284,3116820
3296,3117556
3308,3118296
3320,3119024
3332,3119760
3344,3120512
3356,3121248
3368,3121976
3384,3122912
3396,3123664
3408,3124396
3420,3125124
3436,3126056
3448,3126804
3464,3127736
3476,3128488
3492,3129416
3504,3130144
3520,3131048
3532,3131800
3548,3132728
3564,3133672
3580,3134608
3596,3135548
3612,3136476
3628,3137408
3644,3138340
3660,3139272
3676,3140200
3692,3141124
3708,3142048
3724,3142972
3740,3143900
3756,3144824
3772,3145736
3788,3146648
3804,3147564
3820,3148476
3836,3149384
3852,3150296
3868,3151200
3884,3152100
3900,3153004
3916,3153896
3932,3154792
3948,3155684
3964,3156572
3980,3157464
3996,3158352
4012,3159244
4028,3160128
4044,3161012
4060,3161892
4076,3162776
4092,3163648
4108,3164524
4124,3165408
4140,3166288
4156,3167156
4172,3168028
4188,3168896
4204,3169772
4220,3170640
4236,3171512
4252,3172380
4268,3173232
4284,3174088
4300,3174944
4316,3175804
4332,3176664
4348,3177516
4364,3178360
4380,3179204
4396,3180056
4412,3180900
4428,3181752
4444,3182588
4460,3183428
4476,3184272
4492,3185108
4508,3185952
4524,3186788
4540,3187620
4556,3188460
4572,3189288
4588,3190120
4604,3190960
4620,3191784
4636,3192608
4652,3193440
4668,3194260
4684,3195084
4700,3195896
4716,3196716
4732,3197532
4748,3198348
4764,3199164
4780,3199968
4796,3200780
4812,3201588
4828,3202396
4844,3203212
4860,3204012
4876,3204816
4892,3205616
4908,3206424
4924,3207228
4940,3208028
4956,3208828
4972,3209624
4988,3210424
5004,3211220
5020,3212020
5036,3212816
5056,3213800
5072,3214600
5092,3215576
5108,3216372
5128,3217336
5148,3218316
5168,3219288
5188,3220264
5208,3221236
5228,3222208
5248,3223180
5268,3224148
5288,3225104
5308,3226076
5328,3227040
5348,3228004
5368,3228968
5388,3229932
5408,3230908
5428,3231864
5448,3232824
5468,3233748
5488,3234696
5508,3235640
5528,3236604
5548,3237548
5568,3238472
5588,3239428
5608,3240364
5628,3241304
5648,3242264
5668,3243200
5688,3244108
5708,3245040
5728,3245972
5748,3246904
5768,3247812
5788,3248740
5808,3249688
5828,3250612
5848,3251556
5868,3252480
5888,3253396
5908,3254312
5928,3255204
5948,3256120
5968,3257024
5988,3257936
6008,3258844
6028,3259768
6048,3260680
6068,3261588
6088,3262484
6108,3263384
6128,3264284
6148,3265192
6168,3266084
6188,3266984
6208,3267892
6228,3268788
6248,3269684
6268,3270568
6288,3271456
6308,3272344
6328,3273232
6348,3274116
6368,3275004
6388,3275884
6408,3276756
6428,3277636
6448,3278520
6468,3279396
6488,3280268
6508,3281152
6528,3282028
6548,3282900
6568,3283768
6588,3284640
6608,3285520
6628,3286388
6648,3287264
6668,3288128
6688,3288984
6708,3289844
6728,3290704
6748,3291568
6768,3292432
6788,3293292
6812,3294312
6832,3295168
6856,3296188
6880,3297208
6904,3298228
6928,3299248
6952,3300268
6976,3301288
7000,3302308
7024,3303324
7048,3304340
7072,3305348
7096,3306352
7120,3307356
7144,3308368
7168,3309368
7192,3310368
7216,3311364
7240,3312368
7264,3313364
7288,3314356
7312,3315356
7336,3316348
7360,3317344
7384,3318332
7408,3319328
7432,3320316
7456,3321304
7480,3322284
7504,3323268
7528,3324248
7552,3325248
7576,3326224
7600,3327180
7624,3328176
7648,3329152
7672,3330124
7696,3331108
7720,3332056
7744,3333028
7768,3333992
7792,3334944
7816,3335932
7840,3336896
7864,3337860
7888,3338816
7912,3339776
7936,3340728
7960,3341684
7984,3342660
8008,3343608
8032,3344564
8056,3345512
8080,3346460
8104,3347388
8128,3348336
8152,3349284
8176,3350244
8200,3351192
8224,3352136
8248,3353076
8272,3354016
8296,3354956
8320,3355888
8344,3356828
8368,3357756
8392,3358680
8416,3359612
8440,3360544
8464,3361472
8488,3362396
8512,3363324
8536,3364252
8560,3365184
8584,3366108
8612,3367188
8640,3368260
8668,3369328
8692,3370252
8720,3371308
8748,3372380
8776,3373432
8804,3374496
8832,3375560
8860,3376616
8888,3377672
8916,3378732
8944,3379792
8972,3380848
9000,3381904
9028,3382956
9056,3384012
9084,3385056
9112,3386100
9140,3387148
9168,3388184
9196,3389228
9224,3390268
9252,3391308
9280,3392344
9308,3393380
9336,3394416
9364,3395452
9392,3396484
9420,3397520
9448,3398556
9476,3399580
9504,3400604
9532,3401632
9560,3402652
9588,3403676
9616,3404692
9644,3405712
9672,3406736
9700,3407752
9728,3408768
9756,3409784
9784,3410800
9812,3411816
9840,3412828
9868,3413836
9896,3414840
9924,3415848
9952,3416852
9980,3417852
10008,3418944
10040,3420092
10072,3421256
10104,3422396
10136,3423536
10168,3424676
10200,3425812
10232,3426948
10264,3428084
10296,3429208
10328,3430340
10360,3431472
10392,3432596
10424,3433720
10456,3434844
10488,3435964
10520,3437080
10552,3438200
10584,3439316
10616,3440440
10648,3441556
10680,3442668
10712,3443784
10744,3444892
10776,3445996
10808,3447104
10840,3448208
10872,3449308
10905,3450408
10936,3451508
10968,3452612
11000,3453712
11032,3454812
11064,3455912
11100,3457140
11136,3458364
11172,3459584
11208,3460804
11244,3462028
11280,3463256
11316,3464472
11352,3465688
11388,3466904
11424,3468124
11460,3469348
11496,3470552
11532,3471764
11568,3472960
11604,3474164
11640,3475372
11676,3476580
11712,3477780
11752,3479108
11788,3480308
11824,3481508
11860,3482744
11896,3483900
11932,3485108
11968,3486268
12004,3487456
12040,3488660
12076,3489864
12112,3491048
12148,3492232
12184,3493372
12220,3494556
12256,3495772
12292,3496912
12328,3498124
12364,3499292
12400,3500456
12436,3501628
12472,3502796
12508,3503960
12544,3505128
12580,3506300
12616,3507468
12653,3508632
12692,3509908
12732,3511192
12772,3512480
12812,3513760
12852,3515036
12892,3516316
12932,3517600
12972,3518880
13017,3520280
13056,3521560
13096,3522824
13137,3524088
13176,3525352
13217,3526620
13256,3527892
13296,3529152
13336,3530408
13376,3531672
13416,3532940
13456,3534216
13496,3535440
13537,3536696
13576,3537964
13617,3539212
13656,3540480
13696,3541684
13737,3542932
13776,3544216
13817,3545460
13856,3546680
13896,3547916
13937,3549152
13976,3550408
14021,3551760
14061,3552992
14100,3554220
14140,3555456
14180,3556688
14224,3558036
14264,3559264
14308,3560612
14352,3561952
14396,3563288
14440,3564632
14484,3565968
14528,3567300
14572,3568636
14617,3569984
14660,3571312
14704,3572636
14748,3573968
14792,3575292
14841,3576732
14884,3578056
14928,3579380
14972,3580696
15017,3582024
15061,3583348
15104,3584652
15148,3585964
15192,3587280
15237,3588592
15280,3589892
15324,3591208
15368,3592516
15421,3594056
15464,3595368
15509,3596668
15556,3598076
15600,3599376
15645,3600708
15692,3602080
15737,3603376
15780,3604672
15824,3606000
15872,3607368
15920,3608788
15968,3610168
16017,3611564
16065,3613008
16112,3614364
16160,3615800
16220,3617508
16268,3618944
16316,3620332
16364,3621712
16412,3623104
16465,3624604
16512,3625992
16560,3627380
16621,3629112
16668,3630492
16716,3631860
16764,3633240
16812,3634612
16860,3635980
16908,3637356
16957,3638732
17021,3640560
17068,3641920
17120,3643400
17168,3644760
17220,3646228
17268,3647612
17316,3648952
17369,3650420
17421,3651912
17472,3653360
17524,3654860
17576,3656284
17628,3657780
17681,3659244
17745,3661040
17809,3662816
17861,3664296
17920,3665964
17972,3667416
18024,3668860
18081,3670424
18137,3671976
18188,3673428
18265,3675544
18317,3676976
18368,3678416
18420,3679844
18473,3681288
18553,3683496
18625,3685480
18676,3686912
18729,3688332
18780,3689760
18849,3691624
18905,3693148
18961,3694688
19013,3696112
19069,3697636
19124,3699168
19181,3700684
19248,3702532
19308,3704168
19365,3705684
19421,3707212
19476,3708724
19532,3710244
19589,3711748
19649,3713408
19713,3715132
19773,3716712
19829,3718264
19884,3719768
19941,3721268
19997,3722768
20061,3724480
20117,3725940
20173,3727480
20229,3728980
20284,3730472
20341,3731964
20400,3733556
20457,3735048
20517,3736644
20573,3738132
20709,3741800
20817,3744644
20981,3748988
21045,3750672
21137,3753128
21196,3754708
21269,3756624
21381,3759640
21505,3762848
21609,3765596
21845,3771740
21912,3773548
21973,3775108
22041,3776868
22165,3780076
22257,3782452
22325,3784208
22392,3785956
22480,3788216
22573,3790580
22661,3792848
22745,3795004
22813,3796736
22877,3798380
23009,3801752
23072,3803392
23145,3805228
23213,3806948
23280,3808684
23365,3810824
23429,3812452
23609,3817096
23749,3820640
23813,3822260
23929,3825180
24029,3827684
24137,3830452
24249,3833272
24349,3835764
24417,3837468
24509,3839760
24625,3842668
24693,3844364
24761,3846048
24876,3848932
25017,3852420
25092,3854300
25161,3856020
25276,3858888
25457,3863344
25545,3865512
25693,3869216
25773,3871192
25857,3873304
25945,3875460
26045,3877912
26117,3879672
26264,3883304
26349,3885356
26453,3887888
26561,3890528
26653,3892776
26725,3894524
26805,3896464
26889,3898600
26965,3900444
27053,3902580
27129,3904412
27249,3907308
27453,3912272
27537,3914288
27613,3916116
27849,3921940
27969,3924808
28049,3926724
28141,3928924
28456,3936608
28569,3939336
28645,3941184
28725,3943120
29072,3951632
29152,3953520
29241,3955604
29333,3957884
29425,3960188
29505,3962076
29585,3963964
29737,3967696
29816,3969620
29897,3971500
30005,3974032
30133,3977184
30377,3982900
30473,3985184
30753,3991812
30861,3994424
30996,3997692
31105,4000288
31197,4002432
31365,4006556
31481,4009236
31601,4012068
31693,4014288
31785,4016500
31905,4019264
32041,4022436
32125,4024516
32397,4030800
32529,4034052
32645,4036672
32765,4039416
32905,4042892
33029,4045680
33149,4048452
33285,4051792
33445,4055468
33537,4057600
33677,4061140
33777,4063492
34009,4068804
34093,4070928
34261,4074764
34361,4077152
34557,4081932
34685,4084812
34793,4087620
34885,4089772
35009,4092596
35237,4098136
35352,4100824
35449,4103052
35565,4106024
35713,4109332
35821,4111756
36101,4118540
36465,4127148
36565,4129372
36665,4131956
36757,4134096
36868,4136576
36965,4138760
37157,4143452
37301,4146688
37509,4151832
37620,4154300
37941,4162028
38121,4166172
38221,4168808
38365,4171976
38525,4175760
38657,4179008
38757,4181280
38869,4183832
38989,4186900
39189,4191444
39325,4194984
39601,4201228
39809,4206316
40209,4215712
40401,4220636
40545,4223796
40801,4230080
41029,4235204
41189,4239232
41373,4243256
41489,4246456
41669,4250384
41785,4253116
41969,4257596
42097,4260448
42237,4264124
42481,4269564
42633,4273488
42761,4276308
42869,4278876
42963,4281296
43145,4285380
43365,4290816
43489,4293528
43601,4296200
43705,4298916
43853,4302176
43989,4305416
44125,4308812
44297,4312680
44381,4315008
44617,4320212
44729,4322884
44829,4325396
44945,4327988
45077,4331088
45177,4333668
45345,4337360
45469,4340588
45585,4343288
45761,4347324
45881,4350500
46041,4354016
46185,4357712
46377,4362092
46537,4366004
46645,4368704
46853,4373464
46941,4375912
47049,4378304
47225,4382344
47385,4386372
47509,4389108
47637,4392552
47773,4395544
47889,4398036
47985,4400692
48109,4403520
48341,4409092
48445,4411580
48621,4415424
48901,4422204
49065,4426400
49189,4429228
49305,4431788
49409,4434276
49533,4437448
49689,4440792
49789,4443528
49941,4446952
50077,4450036
50169,4452528
50313,4455692
50477,4459460
50577,4462112
50721,4465192
50833,4467936
50957,4471024
51077,4473664
51185,4476240
51289,4478896
51517,4483856
51605,4486336
51809,4490868
51921,4493604
52049,4496860
52233,4500884
52353,4504304
52469,4506792
52581,4509260
52769,4514064
52884,4516536
53089,4521672
53201,4524072
53329,4526892
53457,4530320
53657,4534752
53805,4538692
53941,4541604
54093,4545188
54329,4550752
54469,4554256
54569,4556740
54765,4561016
54873,4564012
55057,4568276
55189,4571276
55349,4575296
55505,4578884
55721,4584100
55921,4589144
56053,4592132
56201,4595464
56309,4598460
56445,4601448
56733,4608464
56881,4611700
57113,4617524
57469,4625984
57617,4629220
57749,4632816
57889,4635888
58069,4640340
58245,4644356
58501,4650684
58625,4653492
58793,4657852
58941,4661104
59069,4664084
59301,4669648
59445,4673064
59593,4676904
59761,4680664
60021,4687068
60189,4691176
60293,4693820
60501,4698520
60741,4704236
60917,4708684
61053,4711840
61321,4718420
61557,4723880
61709,4727812
61901,4731916
62049,4735924
62197,4739172
62361,4743356
62540,4747284
62745,4752416
62873,4755228
63025,4758816
63113,4761288
63229,4763844
63345,4766576
63437,4769056
63597,4772552
63809,4777772
63977,4781436
64157,4786136
64269,4788772
64389,4791340
64493,4794244
64597,4796720
64705,4799184
64813,4801920
64965,4805760
65077,4808156
65169,4810628
65277,4813364
65393,4815916
65505,4818564
65641,4822064
65965,4829832
66137,4833592
66273,4837212
66537,4843144
66649,4846140
66873,4851000
66969,4853564
67073,4856156
67233,4859612
67341,4862608
67477,4865676
67609,4868500
67797,4873400
67917,4876000
68241,4883808
68373,4886928
68605,4892392
68721,4895208
68869,4898884
69037,4902544
69197,4906732
69341,4909924
69457,4912704
69565,4915440
69681,4917996
69819,4921324
69933,4924332
70125,4928660
70213,4931092
70397,4935064
70507,4937704
70741,4943336
70897,4947012
71069,4951312
71281,4956652
71489,4961208
71621,4964420
71773,4968036
71933,4971752
72093,4975700
72233,4978744
72333,4981136
72425,4983612
72575,4986852
72677,4989328
72805,4992572
72997,4996840
73089,4999404
73269,5003324
73433,5007596
73625,5011852
73773,5015524
73917,5019020
74049,5021872
74557,5034460
74669,5036932
74821,5040436
74917,5043032
75061,5046184
75194,5049304
75297,5052036
75429,5054968
75701,5061844
75813,5064268
75977,5068624
76109,5071564
76345,5077496
76465,5080100
76581,5082912
76853,5089344
77013,5093492
77125,5096000
77257,5098856
77401,5102700
77533,5105636
77709,5110160
77821,5112680
78005,5116856
78181,5121248
78321,5124276
78409,5126756
78533,5129692
78657,5132380
78785,5135796
78945,5139328
79053,5141848
79161,5144752
79393,5149820
79537,5153664
79733,5158052
79829,5160536
79961,5163860
80121,5167528
80257,5171192
80409,5174640
80545,5178192
80735,5182448
80913,5187168
81097,5191272
81273,5195848
81401,5198696
81553,5202240
81669,5205228
81841,5208984
81949,5211708
82253,5218868
82601,5227228
82705,5230052
82853,5233324
82961,5235844
83245,5242672
83361,5245652
83465,5248388
83585,5251108
83753,5255384
83945,5259724
84069,5262712
84381,5270048
84713,5277812
84861,5281816
85009,5285052
85113,5287532
85249,5291032
85441,5295292
85529,5297684
85653,5300528
85777,5303216
85873,5305784
86173,5312688
86265,5315200
86453,5319372
86569,5322152
86669,5324752
86817,5328072
86969,5332132
87189,5337028
87373,5341808
87521,5345044
87697,5349452
87837,5352552
88041,5357724
88185,5360956
88297,5363516
88477,5368208
88617,5371228
89125,5383988
89273,5387224
89509,5393236
89621,5395668
89733,5398488
89841,5401384
89969,5404196
90073,5406752
90181,5409528
90329,5412720
90485,5416652
90653,5420568
90785,5423560
90929,5427228
91044,5429780
91357,5437368
91473,5439880
91649,5444448
91829,5448320
91949,5451652
92077,5454424
92225,5457912
92333,5460776
92449,5463328
92689,5469344
92813,5472068
92981,5476084
93181,5480892
93349,5485124
93469,5487932
93585,5490440
93701,5493476
93905,5498244
94013,5500804
94173,5504816
94301,5507660
94433,5511160
94541,5513632
94693,5517008
94785,5519600
94945,5523140
95065,5525872
95189,5529112
95345,5532556
95617,5539296
95849,5544936
95985,5548044
96113,5550780
96253,5554528
96401,5557684
96669,5564172
96805,5567108
96929,5570400
97069,5573556
97205,5576460
97329,5579956
97505,5583832
97637,5587128
97821,5591428
97969,5594808
98113,5598512
98413,5605644
98533,5608288
98645,5610764
98741,5613408
98865,5616224
98977,5618652
99093,5621692
99309,5626548
99453,5630228
99573,5632952
99889,5640468
100025,5643700
100233,5648912
100381,5652188
100541,5656336
100721,5660292
100869,5663800
101009,5667340
101133,5670060
101353,5675488
101473,5678096
101609,5681596
101729,5684396
101897,5688156
102093,5692976
102245,5696432
102521,5702920
102741,5708464
102977,5713928
103121,5717460
103237,5720104
103361,5722964
103505,5726636
103633,5729484
103745,5732264
103949,5737040
104105,5740964
104277,5745056
104401,5747956
104525,5751116
104659,5754052
104793,5757168
104901,5760112
105085,5764136
105181,5766724
105341,5770380
105845,5782332
105977,5785732
106101,5788420
106225,5791284
106361,5794700
106509,5797928
106641,5801520
106797,5805016
106953,5808940
107349,5818672
107465,5821304
107641,5825312
107757,5828388
107941,5832388
108089,5836272
108373,5842712
108565,5847352
108741,5851580
108861,5854564
108985,5857244
109105,5860196
109249,5863724
109393,5867008
109653,5873232
109789,5876480
109897,5879500
110117,5884572
110277,5888620
110401,5891304
110613,5896552
110973,5905076
111189,5909896
111313,5913180
111441,5916032
111557,5918920
111677,5922128
111793,5924728
111957,5928948
112133,5932912
112253,5935724
112489,5941388
112605,5944080
112805,5948976
112941,5951920
113037,5954604
113225,5958784
113433,5964160
113553,5966796
113673,5969656
113773,5972340
113941,5976048
114157,5981380
114293,5984360
114409,5987132
114513,5989908
114649,5992880
114845,5997920
115005,6001408
115129,6004356
115261,6007720
115441,6011708
115625,6016552
115761,6019484
115893,6023068
116013,6025756
116153,6028828
116289,6032448
116417,6035172
116549,6038288
116673,6041484
116837,6045108
117021,6049840
117345,6057600
117501,6061008
117605,6063612
117849,6069616
117981,6072744
118117,6076356
118281,6079984
118533,6086124
118661,6089108
118801,6092696
118973,6096440
119097,6099944
119225,6102792
119375,6106256
119577,6111196
119709,6114100
119813,6117040
119933,6119728
120149,6125224
120301,6128632
120461,6132348
120577,6135544
120801,6140620
120925,6143816
121057,6146760
121181,6149660
121489,6156992
121761,6163552
122005,6169400
122185,6173320
122349,6177620
122481,6180480
122629,6183988
122809,6188328
122961,6191872
123081,6194944
123273,6199288
123393,6202620
123549,6206064
123677,6209020
123869,6213780
124041,6217712
124205,6221880
124369,6225560
124509,6229224
124721,6233916
124845,6237152
124965,6239796
125197,6245596
125361,6249212
125489,6252332
125625,6255736
125845,6260780
126053,6265672
126233,6270156
126425,6274496
126597,6278888
126745,6282172
126885,6285488
127173,6292188
127293,6295224
127453,6298968
127613,6302720
127721,6305520
128009,6312436
128161,6315928
128293,6318920
128425,6322332
128553,6325136
128701,6328552
128921,6333920
129097,6338392
129265,6342100
129413,6345604
129517,6348368
129657,6351476
129889,6357232
130097,6361880
130213,6364908
130353,6367972
130533,6372668
130681,6375988
130929,6382048
131068,6385076
131185,6387880
131337,6391728
131505,6395428
131601,6398160
131753,6401616
131933,6406052
132201,6412228
132305,6415132
132433,6417944
132573,6421056
132741,6425276
132877,6428256
133017,6431976
133177,6435556
133385,6440844
133565,6444800
133705,6448092
133881,6452440
134041,6456276
134161,6459560
134329,6463224
134497,6467700
134665,6471368
134885,6476904
135173,6483824
135337,6487440
135497,6491416
135633,6494608
135781,6497976
135901,6501136
136021,6503776
136161,6507016
136261,6509668
136441,6513620
136773,6521548
136889,6524412
137149,6530760
137365,6536132
137509,6539324
137657,6543212
137821,6546836
137997,6551020
138125,6554084
138249,6556804
138357,6559548
138481,6562612
138649,6566368
138795,6570156
138989,6574632
139145,6578684
139309,6582388
139517,6587688
139677,6591136
139861,6595916
139997,6598856
140237,6604872
140393,6608200
140517,6611576
140653,6614600
140845,6619340
140957,6621988
141113,6625392
141241,6628736
141405,6632400
141521,6635132
141737,6640420
141957,6645964
142081,6648700
142245,6652452
142409,6656676
142557,6660048
142793,6665976
142925,6669104
143061,6672688
143193,6675620
143349,6679856
143521,6683608
143709,6688560
143833,6691288
144065,6696932
144221,6700420
144373,6703924
144481,6706860
144625,6709976
144813,6714844
144945,6717748
145097,6721504
145205,6724320
145485,6730976
145633,6734300
145769,6737456
145941,6741764
146089,6744964
146189,6747784
146317,6750684
146449,6753540
146657,6758832
146821,6762464
147021,6767536
147171,6770828
147375,6775984
147569,6780380
147721,6784308
147953,6789600
148101,6793388
148321,6798732
148465,6802008
148601,6805044
148833,6810712
148957,6813356
149085,6816944
149261,6820776
149529,6827264
149673,6830380
149773,6833244
149953,6837244
150101,6840884
150217,6843904
150365,6847188
150569,6852436
150737,6856324
150833,6859224
151353,6871800
151497,6875352
151609,6878164
151789,6882260
151933,6886052
152069,6888996
152193,6892068
152309,6895096
152589,6901836
152717,6904696
152841,6907516
153021,6912160
153193,6915876
153337,6919628
153561,6924696
153673,6927648
153817,6930800
153989,6934988
154125,6938264
154269,6941464
154365,6944112
154569,6948632
154709,6952088
154929,6957200
155057,6960192
155189,6963564
155313,6966244
155573,6972728
155797,6978320
156057,6984120
156169,6987192
156321,6990552
156741,7000448
156929,7005312
157141,7010216
157317,7014572
157437,7017208
157561,7020540
157753,7024920
157865,7027532
158065,7032476
158217,7035892
158405,7040616
158637,7046464
158821,7050504
159019,7055540
159173,7058948
159333,7062924
159536,7067560
159701,7071744
159977,7078140
160177,7083220
160321,7086324
160417,7088940
160597,7093148
160765,7097500
160885,7100228
161021,7103172
161209,7108076
161393,7112212
161757,7120828
161881,7124064
162028,7127228
162313,7134296
162477,7137968
162757,7144656
162893,7147948
163005,7150764
163225,7155796
163449,7161368
163565,7164068
163661,7166712
163793,7169644
163917,7172592
164029,7175492
164261,7180776
164425,7184912
164553,7187684
164733,7192248
164977,7197792
165077,7200404
165217,7203552
165341,7206452
165531,7211184
165653,7213828
165909,7220188
166053,7223520
166173,7226588
166317,7229828
166513,7234820
166641,7237716
166761,7240404
167025,7246640
167213,7251500
167401,7255676
167545,7259560
167728,7263700
167845,7266512
168001,7270564
168149,7273720
168249,7276496
168361,7279144
168489,7281908
168661,7286348
168801,7289500
168949,7293004
169061,7295864
169209,7299056
169393,7303796
169589,7308144
169685,7310916
169893,7315556
170021,7318596
170181,7322428
170313,7325456
170409,7328060
170701,7334592
170845,7338292
171025,7342180
171153,7345628
171309,7349032
171441,7352068
171677,7357780
171857,7362388
172021,7366088
172177,7369896
172321,7373384
172477,7376884
172593,7380032
172737,7383148
172853,7385836
172961,7388732
173125,7392388
173417,7399512
173581,7403148
173681,7405860
173813,7408852
173965,7412696
174073,7415336
174241,7419000
174377,7422536
174497,7425220
174641,7428548
174761,7431700
174881,7434416
175009,7437332
175145,7440824
175289,7443928
175501,7449260
175677,7453176
175809,7456764
176057,7462388
176185,7465712
176305,7468352
176431,7471256
176585,7475176
176821,7480888
176949,7483952
177101,7487280
177189,7489960
177413,7495028
177725,7502484
177841,7505260
177965,7508416
178097,7511348
178425,7519312
178541,7521972
178665,7525192
178917,7530912
179077,7535008
179289,7539820
179513,7545268
179625,7547872
179860,7553584
180029,7558016
180209,7562104
180349,7565388
180469,7568540
180665,7572848
180761,7575492
180937,7579404
181085,7583076
181261,7587164
