0,116
0,344
0,572
0,800
0,1036
0,1308
0,1580
0,1856
0,2132
0,2408
0,2680
0,2952
0,3232
0,3504
0,3776
0,4048
0,4328
0,4600
0,4872
0,5152
0,5424
0,5700
0,5972
0,6252
0,6524
0,6796
0,7072
0,7352
0,7624
0,7896
0,8172
0,8452
0,8724
0,8996
0,9276
0,9548
0,9824
0,10096
0,10420
0,10736
0,11052
0,11372
0,11688
0,12004
0,12328
0,12644
0,12960
0,13276
0,13600
0,13916
0,14232
0,14556
0,14872
0,15188
0,15512
0,15828
0,16144
0,16468
0,16784
0,17100
0,17424
0,17740
0,18056
0,18372
0,18696
0,19012
0,19332
0,19652
0,19968
0,20288
0,20608
0,20924
0,21240
0,21564
0,21880
0,22196
0,22516
0,22836
0,23152
0,23472
0,23792
0,24112
0,24428
0,24752
0,25068
0,25384
0,25708
0,26024
0,26340
0,26660
0,26980
0,27296
0,27612
0,27932
0,28252
0,28568
0,28892
0,29208
0,29524
0,29844
0,30164
0,30480
0,30804
0,31120
0,31436
0,31760
0,32076
0,32392
0,32708
0,33032
0,33348
0,33664
0,33988
0,34304
0,34624
0,34944
0,35264
0,35580
0,35904
0,36220
0,36536
0,36852
0,37176
0,37492
0,37812
0,38136
0,38452
0,38768
0,39092
0,39408
0,39724
0,40048
0,40364
0,40680
0,41004
0,41320
0,41636
0,41952
0,42276
0,42592
0,42908
0,43232
0,43548
0,43864
0,44188
0,44504
0,44820
0,45144
0,45460
0,45776
0,46100
0,46416
0,46732
0,47052
0,47372
0,47692
0,48008
0,48328
0,48648
0,48964
0,49284
0,49600
0,49920
0,50240
0,50560
0,50876
0,51192
0,51520
0,51836
0,52152
0,52476
0,52792
0,53108
0,53432
0,53752
0,54068
0,54392
0,54708
0,55028
0,55352
0,55668
0,55984
0,56304
0,56628
0,56944
0,57264
0,57584
0,57904
0,58220
0,58544
0,58864
0,59180
0,59504
0,59820
0,60140
0,60464
0,60780
0,61100
0,61416
0,61744
0,62060
0,62376
0,62700
0,63020
0,63336
0,63660
0,63980
0,64296
0,64620
0,64936
0,65252
0,65576
0,65896
0,66212
0,66528
0,66852
0,67168
0,67488
0,67812
0,68128
0,68444
0,68768
0,69084
0,69404
0,69728
0,70044
0,70360
0,70684
0,71004
0,71320
0,71640
0,71964
0,72280
0,72600
0,72920
0,73240
0,73556
0,73880
0,74200
0,74516
0,74840
0,75156
0,75476
0,75800
0,76120
0,76436
0,76756
0,77080
0,77396
0,77716
0,78040
0,78356
0,78676
0,79000
0,79316
0,79636
0,79960
0,80276
0,80596
0,80920
0,81236
0,81552
0,81872
0,82196
0,82512
0,82828
0,83152
0,83468
0,83788
0,84108
0,84428
0,84744
0,85068
0,85384
0,85700
0,86024
0,86340
0,86660
0,86976
0,87300
0,87616
0,87936
0,88256
0,88576
0,88892
0,89216
0,89532
0,89852
0,90176
0,90492
0,90808
0,91124
0,91448
0,91768
0,92084
0,92408
0,92724
0,93044
0,93368
0,93684
0,94000
0,94324
0,94644
0,94960
0,95284
0,95600
0,95920
0,96236
0,96560
0,96880
0,97196
0,97520
0,97836
0,98156
0,98480
0,98796
0,99112
0,99436
0,99756
0,100076
0,100440
0,100800
0,101160
0,101528
0,101888
0,102252
0,102620
0,102976
0,103336
0,103704
0,104064
0,104424
0,104788
0,105148
0,105516
0,105876
0,106236
0,106604
0,106964
0,107324
0,107688
0,108048
0,108408
0,108776
0,109136
0,109496
0,109864
0,110224
0,110584
0,110952
0,111312
0,111680
0,112040
0,112400
0,112768
0,113128
0,113488
0,113852
0,114216
0,114576
0,114944
0,115304
0,115664
0,116032
0,116392
0,116756
0,117120
0,117480
0,117848
0,118208
0,118568
0,118932
0,119296
0,119656
0,120024
0,120384
0,120744
0,121112
0,121472
0,121836
0,122200
0,122564
0,122928
0,123288
0,123648
0,124016
0,124376
0,124736
0,125104
0,125464
0,125824
0,126192
0,126552
0,126916
0,127280
0,127644
0,128012
0,128368
0,128728
0,129092
0,129452
0,129812
0,130180
0,130540
0,130900
0,131268
0,131628
0,131988
0,132356
0,132716
0,133076
0,133444
0,133804
0,134168
0,134528
0,134888
0,135256
0,135616
0,135976
0,136344
0,136704
0,137064
0,137432
0,137792
0,138152
0,138520
0,138880
0,139240
0,139608
0,139968
0,140336
0,140696
0,141060
0,141424
0,141788
0,142148
0,142516
0,142876
0,143236
0,143604
0,143964
0,144328
0,144692
0,145052
0,145420
0,145780
0,146140
0,146508
0,146868
0,147228
0,147596
0,147956
0,148320
0,148684
0,149044
0,149408
0,149772
0,150136
0,150496
0,150864
0,151224
0,151592
0,151952
0,152316
0,152684
0,153044
0,153408
0,153776
0,154136
0,154496
0,154864
0,155224
0,155584
0,155952
0,156312
0,156680
0,157040
0,157404
0,157768
0,158132
0,158492
0,158860
0,159220
0,159580
0,159948
0,160312
0,160672
0,161040
0,161400
0,161760
0,162124
0,162488
0,162852
0,163212
0,163576
0,163940
0,164300
0,164660
0,165028
0,165388
0,165748
0,166112
0,166476
0,166832
0,167200
0,167560
0,167920
0,168288
0,168648
0,169012
0,169372
0,169732
0,170100
0,170460
0,170820
0,171184
0,171548
0,171908
0,172272
0,172636
0,172996
0,173364
0,173724
0,174092
0,174448
0,174808
0,175176
0,175536
0,175900
0,176264
0,176628
0,176988
0,177352
0,177716
0,178076
0,178444
0,178804
0,179164
0,179532
0,179892
0,180260
0,180620
0,180980
0,181344
0,181708
0,182068
0,182436
0,182796
0,183156
0,183524
0,183884
0,184244
0,184612
0,184972
0,185332
0,185700
0,186060
0,186428
0,186788
0,187148
0,187516
0,187876
0,188240
0,188604
0,188968
0,189328
0,189696
0,190056
0,190416
0,190784
0,191144
0,191512
0,191876
0,192236
0,192604
0,192964
0,193324
0,193692
0,194052
0,194412
0,194780
0,195140
0,195500
0,195868
0,196228
0,196588
0,196956
0,197320
0,197684
0,198044
0,198408
0,198772
0,199136
0,199496
0,199864
0,200224
0,200584
0,200952
0,201316
0,201676
0,202044
0,202404
0,202772
0,203132
0,203492
0,203860
0,204224
0,204584
0,204952
0,205312
0,205672
0,206036
0,206400
0,206756
0,207124
0,207484
0,207844
0,208212
0,208572
0,208936
0,209296
0,209656
0,210024
0,210384
0,210744
0,211112
0,211472
0,211832
0,212200
0,212560
0,212920
0,213288
0,213648
0,214008
0,214376
0,214736
0,215104
0,215464
0,215824
0,216192
0,216552
0,216912
0,217280
0,217640
0,218000
0,218368
0,218728
0,219088
0,219456
0,219816
0,220184
0,220544
0,220908
0,221272
0,221632
0,221996
0,222364
0,222724
0,223084
0,223452
0,223812
0,224176
0,224544
0,224904
0,225264
0,225632
0,225992
0,226360
0,226720
0,227080
0,227448
0,227808
0,228168
0,228536
0,228896
0,229256
0,229624
0,229984
0,230348
0,230716
0,231076
0,231444
0,231804
0,232164
0,232532
0,232892
0,233256
0,233620
0,233984
0,234344
0,234712
0,235072
0,235436
0,235804
0,236164
0,236524
0,236892
0,237252
0,237620
0,237980
0,238344
0,238712
0,239072
0,239436
0,239804
0,240164
0,240524
0,240892
0,241252
0,241616
0,241980
0,242344
0,242708
0,243072
0,243432
0,243800
0,244160
0,244524
0,244888
0,245252
0,245612
0,245980
0,246340
0,246700
0,247068
0,247428
0,247788
0,248156
0,248516
0,248884
0,249244
0,249608
0,249972
0,250332
0,250696
0,251064
0,251424
0,251784
0,252152
0,252516
0,252876
0,253244
0,253604
0,253972
0,254332
0,254696
0,255064
0,255424
0,255788
0,256156
0,256516
0,256876
0,257240
0,257600
0,257960
0,258328
0,258688
0,259048
0,259412
0,259772
0,260140
0,260500
0,260860
0,261228
0,261588
0,261948
0,262316
0,262676
0,263036
0,263404
0,263764
0,264128
0,264492
0,264852
0,265212
0,265580
0,265944
0,266308
0,266668
0,267032
0,267396
0,267760
0,268120
0,268484
0,268848
0,269208
0,269572
0,269932
0,270296
0,270660
0,271024
0,271392
0,271752
0,272112
0,272480
0,272840
0,273200
0,273568
0,273928
0,274288
0,274656
0,275016
0,275380
0,275744
0,276108
0,276468
0,276836
0,277196
0,277564
0,277924
0,278288
0,278656
0,279016
0,279376
0,279744
0,280108
0,280468
0,280836
0,281196
0,281560
0,281928
0,282288
0,282652
0,283016
0,283376
0,283744
0,284104
0,284464
0,284832
0,285196
0,285556
0,285924
0,286284
0,286648
0,287016
0,287376
0,287736
0,288104
0,288464
0,288832
0,289192
0,289552
0,289920
0,290280
0,290640
0,291008
0,291368
0,291728
0,292096
0,292460
0,292820
0,293188
0,293548
0,293916
0,294276
0,294640
0,295008
0,295368
0,295728
0,296096
0,296456
0,296820
0,297184
0,297548
0,297908
0,298276
0,298636
0,299000
0,299368
0,299728
0,300096
0,300456
0,300820
0,301188
0,301548
0,301912
0,302280
0,302640
0,303004
0,303372
0,303732
0,304096
0,304464
0,304824
0,305192
0,305552
0,305916
0,306284
0,306648
0,307008
0,307380
0,307740
0,308100
0,308468
0,308828
0,309188
0,309556
0,309916
0,310284
0,310648
0,311008
0,311376
0,311740
0,312100
0,312468
0,312828
0,313192
0,313560
0,313920
0,314284
0,314652
0,315012
0,315372
0,315740
0,316104
0,316472
0,316836
0,317196
0,317564
0,317928
0,318288
0,318656
0,319020
0,319380
0,319752
0,320112
0,320472
0,320840
0,321200
0,321568
0,321928
0,322288
0,322656
0,323016
0,323376
0,323744
0,324104
0,324468
0,324832
0,325196
0,325556
0,325924
0,326284
0,326648
0,327012
0,327376
0,327744
0,328104
0,328464
0,328828
0,329188
0,329548
0,329916
0,330276
0,330636
0,331004
0,331364
0,331728
0,332092
0,332456
0,332820
0,333180
0,333540
0,333908
0,334268
0,334628
0,334996
0,335356
0,335720
0,336084
0,336444
0,336808
0,337172
0,337532
0,337896
0,338260
0,338624
0,338988
0,339348
0,339712
0,340076
0,340440
0,340800
0,341164
0,341524
0,341888
0,342252
0,342616
0,342976
0,343344
0,343704
0,344072
0,344432
0,344796
0,345160
0,345524
0,345884
0,346252
0,346612
0,346972
0,347340
0,347704
0,348064
0,348432
0,348792
0,349156
0,349520
0,349884
0,350248
0,350612
0,350972
0,351340
0,351700
0,352064
0,352432
0,352792
0,353152
0,353520
0,353880
0,354244
0,354608
0,354972
0,355340
0,355700
0,356060
0,356428
0,356788
0,357152
0,357520
0,357880
0,358244
0,358612
0,358972
0,359332
0,359700
0,360060
0,360420
0,360788
0,361148
0,361516
0,361880
0,362240
0,362604
0,362968
0,363328
0,363696
0,364056
0,364416
0,364784
0,365148
0,365508
0,365876
0,366236
0,366604
0,366964
0,367328
0,367696
0,368056
0,368420
0,368784
0,369148
0,369508
0,369876
0,370236
0,370596
0,370964
0,371328
0,371688
0,372052
0,372416
0,372784
0,373144
0,373504
0,373872
0,374236
0,374596
0,374964
0,375324
0,375688
0,376052
0,376416
0,376776
0,377144
0,377508
0,377876
0,378236
0,378600
0,378968
0,379328
0,379688
0,380056
0,380416
0,380780
0,381148
0,381508
0,381872
0,382240
0,382600
0,382964
0,383332
0,383696
0,384064
0,384424
0,384784
0,385152
0,385512
0,385872
0,386240
0,386600
0,386964
0,387328
0,387692
0,388052
0,388420
0,388780
0,389148
0,389508
0,389872
0,390240
0,390600
0,390960
0,391328
0,391688
0,392052
0,392416
0,392780
0,393140
0,393508
0,393872
0,394232
0,394600
0,394960
0,395328
0,395692
0,396052
0,396420
0,396784
0,397144
0,397512
0,397876
0,398236
0,398604
0,398968
0,399328
0,399700
0,400060
0,400428
0,400788
0,401148
0,401516
0,401876
0,402240
0,402608
0,402968
0,403328
0,403696
0,404056
0,404420
0,404788
0,405148
0,405516
0,405876
0,406240
0,406608
0,406968
0,407332
0,407700
0,408060
0,408420
0,408788
0,409152
0,409512
0,409884
0,410244
0,410600
0,410968
0,411328
0,411696
0,412056
0,412416
0,412780
0,413144
0,413504
0,413872
0,414232
0,414592
0,414960
0,415320
0,415680
0,416048
0,416408
0,416772
0,417132
0,417496
0,417860
0,418220
0,418584
0,418948
0,419308
0,419672
0,420040
0,420400
0,420760
0,421124
0,421484
0,421848
0,422212
0,422576
0,422940
0,423300
0,423664
0,424032
0,424392
0,424752
0,425120
0,425480
0,425840
0,426208
0,426568
0,426928
0,427296
0,427656
0,428016
0,428384
0,428748
0,429116
0,429476
0,429836
0,430204
0,430564
0,430928
0,431292
0,431656
0,432016
0,432384
0,432744
0,433104
0,433472
0,433836
0,434200
0,434564
0,434924
0,435292
0,435652
0,436012
0,436380
0,436740
0,437104
0,437472
0,437832
0,438192
0,438560
0,438920
0,439284
0,439652
0,440012
0,440380
0,440740
0,441100
0,441468
0,441832
0,442192
0,442560
0,442920
0,443280
0,443648
0,444008
0,444372
0,444740
0,445100
0,445468
0,445828
0,446192
0,446560
0,446920
0,447280
0,447648
0,448012
0,448372
0,448740
0,449100
0,449460
0,449828
0,450188
0,450552
0,450920
0,451280
0,451648
0,452008
0,452368
0,452736
0,453096
0,453460
0,453824
0,454188
0,454548
0,454916
0,455276
0,455640
0,456008
0,456368
0,456736
0,457096
0,457456
0,457824
0,458188
0,458548
0,458916
0,459276
0,459640
0,460008
0,460368
0,460732
0,461100
0,461460
0,461820
0,462188
0,462548
0,462916
0,463280
0,463640
0,464008
0,464368
0,464728
0,465096
0,465456
0,465820
0,466188
0,466548
0,466908
0,467276
0,467636
0,468004
0,468368
0,468728
0,469096
0,469456
0,469820
0,470188
0,470548
0,470912
0,471280
0,471640
0,472004
0,472368
0,472732
0,473100
0,473460
0,473824
0,474192
0,474552
0,474916
0,475284
0,475644
0,476004
0,476372
0,476736
0,477096
0,477464
0,477828
0,478188
0,478556
0,478920
0,479288
0,479652
0,480012
0,480380
0,480740
0,481104
0,481472
0,481832
0,482192
0,482560
0,482920
0,483280
0,483648
0,484012
0,484376
0,484740
0,485100
0,485468
0,485832
0,486192
0,486560
0,486924
0,487284
0,487652
0,488012
0,488372
0,488740
0,489100
0,489464
0,489832
0,490192
0,490560
0,490924
0,491284
0,491652
0,492012
0,492376
0,492740
0,493104
0,493464
0,493832
0,494192
0,494556
0,494920
0,495284
0,495652
0,496012
0,496372
0,496740
0,497100
0,497464
0,497832
0,498192
0,498552
0,498920
0,499284
0,499644
0,500012
0,500372
0,500732
0,501100
0,501464
0,501832
0,502192
0,502556
0,502924
0,503284
0,503648
0,504016
0,504376
0,504736
0,505104
0,505468
0,505828
0,506196
0,506560
0,506928
0,507288
0,507652
0,508020
0,508380
0,508744
0,509112
0,509472
0,509836
0,510204
0,510568
0,510928
0,511300
0,511660
0,512032
0,512392
0,512752
0,513116
0,513476
0,513840
0,514204
0,514564
0,514924
0,515292
0,515652
0,516012
0,516380
0,516740
0,517100
0,517468
0,517832
0,518196
0,518560
0,518920
0,519288
0,519648
0,520008
0,520376
0,520736
0,521096
0,521464
0,521824
0,522188
0,522552
0,522916
0,523284
0,523644
0,524004
0,524372
0,524732
0,525092
0,525460
0,525820
0,526184
0,526548
0,526912
0,527272
0,527640
0,528000
0,528360
0,528728
0,529088
0,529456
0,529816
0,530180
0,530548
0,530908
0,531272
0,531636
0,532000
0,532360
0,532728
0,533088
0,533452
0,533816
0,534180
0,534548
0,534908
0,535268
0,535636
0,536000
0,536360
0,536728
0,537088
0,537448
0,537816
0,538176
0,538540
0,538908
0,539268
0,539628
0,539996
0,540356
0,540724
0,541088
0,541448
0,541816
0,542176
0,542540
0,542908
0,543268
0,543632
0,544000
0,544360
0,544720
0,545088
0,545448
0,545816
0,546176
0,546536
0,546904
0,547268
0,547628
0,547996
0,548356
0,548720
0,549088
0,549448
0,549812
0,550180
0,550540
0,550904
0,551268
0,551632
0,552000
0,552360
0,552724
0,553092
0,553452
0,553816
0,554180
0,554544
0,554904
0,555272
0,555636
0,555996
0,556364
0,556728
0,557096
0,557460
0,557820
0,558188
0,558552
0,558912
0,559280
0,559644
0,560004
0,560372
0,560736
0,561096
0,561464
0,561824
0,562192
0,562556
0,562920
0,563288
0,563648
0,564008
0,564376
0,564736
0,565096
0,565464
0,565828
0,566188
0,566556
0,566916
0,567280
0,567648
0,568008
0,568376
0,568736
0,569100
0,569468
0,569828
0,570192
0,570560
0,570920
0,571284
0,571648
0,572012
0,572372
0,572744
0,573104
0,573476
0,573836
0,574196
0,574564
0,574928
0,575288
0,575656
0,576020
0,576380
0,576744
0,577108
0,577468
0,577836
0,578196
0,578556
0,578928
0,579288
0,579656
0,580016
0,580376
0,580744
0,581104
0,581468
0,581836
0,582196
0,582560
0,582928
0,583288
0,583652
0,584020
0,584380
0,584748
0,585108
0,585472
0,585840
0,586200
0,586564
0,586928
0,587292
0,587652
0,588020
0,588384
0,588744
0,589116
0,589476
0,589844
0,590204
0,590568
0,590936
0,591296
0,591660
0,592028
0,592388
0,592752
0,593120
0,593480
0,593844
0,594212
0,594572
0,594936
0,595304
0,595664
0,596032
0,596392
0,596756
0,597124
0,597488
0,597848
0,598216
0,598580
0,598940
0,599308
0,599672
0,600036
0,600404
0,600764
0,601132
0,601496
0,601856
0,602224
0,602588
0,602948
0,603316
0,603680
0,604040
0,604412
0,604772
0,605136
0,605504
0,605864
0,606232
0,606596
0,606960
0,607328
0,607688
0,608052
0,608420
0,608780
0,609144
0,609512
0,609876
0,610236
0,610604
0,610968
0,611336
0,611700
0,612060
0,612428
0,612792
0,613156
0,613524
0,613888
0,614252
0,614620
0,614980
0,615340
0,615708
0,616072
0,616432
0,616800
0,617160
0,617528
0,617892
0,618252
0,618620
0,618980
0,619344
0,619712
0,620072
0,620436
0,620804
0,621164
0,621524
0,621892
0,622256
0,622624
0,622984
0,623348
0,623716
0,624080
0,624440
0,624808
0,625168
0,625532
0,625900
0,626260
0,626624
0,626992
0,627356
0,627724
0,628084
0,628444
0,628812
0,629176
0,629536
0,629904
0,630268
0,630632
0,631000
0,631360
0,631724
0,632092
0,632456
0,632816
0,633184
0,633548
0,633916
0,634280
0,634644
0,635012
0,635376
0,635736
0,636104
0,636468
0,636832
0,637200
0,637560
0,637924
0,638292
0,638656
0,639024
0,639388
0,639752
0,640120
0,640480
0,640840
0,641208
0,641568
0,641928
0,642296
0,642656
0,643016
0,643384
0,643744
0,644112
0,644476
0,644836
0,645204
0,645564
0,645924
0,646292
0,646652
0,647016
0,647384
0,647744
0,648104
0,648472
0,648832
0,649196
0,649564
0,649924
0,650292
0,650652
0,651016
0,651384
0,651744
0,652108
0,652476
0,652836
0,653200
0,653564
0,653928
0,654288
0,654656
0,655020
0,655388
0,655748
0,656108
0,656476
0,656836
0,657196
0,657564
0,657924
0,658284
0,658652
0,659012
0,659372
0,659740
0,660100
0,660460
0,660828
0,661188
0,661556
0,661916
0,662280
0,662648
0,663008
0,663368
0,663736
0,664096
0,664460
0,664824
0,665188
0,665548
0,665916
0,666276
0,666644
0,667004
0,667364
0,667732
0,668092
0,668452
0,668820
0,669180
0,669544
0,669908
0,670272
0,670632
0,671000
0,671360
0,671724
0,672092
0,672452
0,672816
0,673180
0,673540
0,673908
0,674268
0,674628
0,674996
0,675360
0,675720
0,676088
0,676448
0,676808
0,677176
0,677536
0,677904
0,678264
0,678628
0,678992
0,679356
0,679716
0,680084
0,680444
0,680804
0,681172
0,681532
0,681896
0,682260
0,682624
0,682984
0,683352
0,683712
0,684080
0,684440
0,684804
0,685168
0,685532
0,685892
0,686260
0,686620
0,686984
0,687352
0,687712
0,688076
0,688440
0,688804
0,689168
0,689532
0,689892
0,690260
0,690624
0,690984
0,691352
0,691712
0,692076
0,692444
0,692804
0,693164
0,693532
0,693896
0,694256
0,694624
0,694984
0,695352
0,695716
0,696080
0,696444
0,696808
0,697168
0,697536
0,697896
0,698256
0,698624
0,698988
0,699348
0,699716
0,700076
0,700444
0,700808
0,701168
0,701536
0,701900
0,702260
0,702628
0,702992
0,703352
0,703724
0,704084
0,704444
0,704812
0,705172
0,705540
0,705904
0,706264
0,706632
0,706996
0,707356
0,707724
0,708084
0,708448
0,708816
0,709176
0,709536
0,709904
0,710268
0,710628
0,710996
0,711360
0,711728
0,712092
0,712452
0,712820
0,713180
0,713544
0,713912
0,714276
0,714636
0,715008
0,715368
0,715732
0,716100
0,716464
0,716832
0,717192
0,717552
0,717920
0,718284
0,718644
0,719012
0,719376
0,719736
0,720104
0,720464
0,720824
0,721192
0,721556
0,721916
0,722284
0,722644
0,723012
0,723376
0,723736
0,724104
0,724464
0,724828
0,725196
0,725556
0,725920
0,726288
0,726648
0,727008
0,727380
0,727740
0,728108
0,728468
0,728832
0,729200
0,729560
0,729924
0,730292
0,730652
0,731012
0,731380
0,731744
0,732108
0,732476
0,732836
0,733204
0,733568
0,733928
0,734296
0,734660
0,735024
0,735392
0,735752
0,736116
0,736484
0,736848
0,737208
0,737576
0,737936
0,738300
0,738668
0,739028
0,739396
0,739756
0,740120
0,740488
0,740848
0,741208
0,741576
0,741940
0,742300
0,742672
0,743032
0,743396
0,743760
0,744124
0,744492
0,744852
0,745212
0,745580
0,745944
0,746304
0,746672
0,747036
0,747400
0,747768
0,748128
0,748488
0,748856
0,749220
0,749588
0,749948
0,750312
0,750680
0,751040
0,751404
0,751772
0,752136
0,752496
0,752864
0,753228
0,753588
0,753956
0,754320
0,754684
0,755052
0,755412
0,755784
0,756144
0,756508
0,756876
0,757236
0,757600
0,757968
0,758332
0,758692
0,759060
0,759424
0,759784
0,760156
0,760516
0,760884
0,761248
0,761608
0,761976
0,762340
0,762700
0,763072
0,763432
0,763796
0,764164
0,764524
0,764888
0,765256
0,765620
0,765988
0,766352
0,766712
0,767084
0,767448
0,767808
0,768180
0,768540
0,768900
0,769268
0,769628
0,769988
0,770356
0,770720
0,771088
0,771448
0,771808
0,772176
0,772540
0,772900
0,773268
0,773632
0,773992
0,774360
0,774724
0,775084
0,775452
0,775816
0,776176
0,776544
0,776908
0,777276
0,777636
0,778000
0,778368
0,778728
0,779092
0,779460
0,779820
0,780184
0,780552
0,780912
0,781276
0,781644
0,782004
0,782372
0,782736
0,783096
0,783464
0,783828
0,784188
0,784556
0,784920
0,785280
0,785648
0,786008
0,786372
0,786740
0,787100
0,787472
0,787832
0,788196
0,788564
0,788924
0,789288
0,789656
0,790016
0,790380
0,790748
0,791112
0,791472
0,791844
0,792204
0,792568
0,792936
0,793300
0,793668
0,794028
0,794392
0,794760
0,795124
0,795484
0,795856
0,796216
0,796580
0,796948
0,797308
0,797672
0,798040
0,798404
0,798772
0,799136
0,799500
0,799868
0,800232
0,800592
0,800960
0,801320
0,801680
0,802048
0,802408
0,802768
0,803136
0,803500
0,803868
0,804228
0,804588
0,804956
0,805320
0,805680
0,806048
0,806412
0,806772
0,807140
0,807500
0,807864
0,808232
0,808592
0,808956
0,809324
0,809684
0,810052
0,810412
0,810776
0,811144
0,811504
0,811868
0,812236
0,812600
0,812960
0,813328
0,813692
0,814052
0,814424
0,814784
0,815152
0,815516
0,815876
0,816248
0,816608
0,816972
0,817340
0,817700
0,818064
0,818432
0,818796
0,819160
0,819528
0,819888
0,820252
0,820612
0,820976
0,821340
0,821700
0,822064
0,822428
0,822788
0,823148
0,823516
0,823880
0,824240
0,824608
0,824968
0,825328
0,825692
0,826052
0,826420
0,826780
0,827144
0,827508
0,827872
0,828232
0,828600
0,828960
0,829320
0,829688
0,830048
0,830412
0,830780
0,831140
0,831508
0,831868
0,832232
0,832596
0,832960
0,833320
0,833684
0,834044
0,834408
0,834772
0,835136
0,835496
0,835864
0,836224
0,836584
0,836952
0,837312
0,837680
0,838040
0,838404
0,838768
0,839132
0,839492
0,839860
0,840220
0,840580
0,840948
0,841308
0,841672
0,842036
0,842400
0,842764
0,843124
0,843488
0,843856
0,844216
0,844576
0,844944
0,845304
0,845668
0,846032
0,846396
0,846756
0,847124
0,847484
0,847844
0,848212
0,848572
0,848940
0,849304
0,849664
0,850032
0,850392
0,850752
0,851120
0,851484
0,851844
0,852212
0,852572
0,852932
0,853300
0,853660
0,854028
0,854392
0,854752
0,855120
0,855484
0,855844
0,856212
0,856576
0,856936
0,857304
0,857668
0,858028
0,858396
0,858756
0,859120
0,859488
0,859848
0,860216
0,860576
0,860940
0,861308
0,861668
0,862028
0,862396
0,862760
0,863120
0,863488
0,863852
0,864212
0,864580
0,864940
0,865308
0,865668
0,866028
0,866396
0,866760
0,867120
0,867488
0,867852
0,868212
0,868580
0,868940
0,869304
0,869672
0,870032
0,870396
0,870764
0,871124
0,871492
0,871856
0,872216
0,872584
0,872944
0,873308
0,873676
0,874036
0,874396
0,874764
0,875128
0,875488
0,875860
0,876220
0,876588
0,876948
0,877312
0,877680
0,878040
0,878404
0,878772
0,879132
0,879496
0,879864
0,880228
0,880588
0,880956
0,881316
0,881684
0,882044
0,882408
0,882772
0,883136
0,883496
0,883864
0,884228
0,884588
0,884956
0,885316
0,885680
0,886048
0,886408
0,886768
0,887136
0,887496
0,887864
0,888228
0,888588
0,888956
0,889320
0,889680
0,890048
0,890412
0,890772
0,891140
0,891504
0,891864
0,892232
0,892596
0,892964
0,893328
0,893688
0,894056
0,894420
0,894780
0,895148
0,895512
0,895876
0,896244
0,896604
0,896968
0,897332
0,897696
0,898064
0,898424
0,898784
0,899152
0,899516
0,899876
0,900244
0,900608
0,900968
0,901336
0,901700
0,902060
0,902428
0,902788
0,903148
0,903516
0,903880
0,904248
0,904608
0,904968
0,905336
0,905700
0,906060
0,906428
0,906788
0,907152
0,907520
0,907880
0,908244
0,908612
0,908972
0,909340
0,909700
0,910064
0,910432
0,910792
0,911156
0,911524
0,911888
0,912248
0,912616
0,912980
0,913340
0,913708
0,914072
0,914440
0,914800
0,915164
0,915532
0,915892
0,916256
0,916624
0,916988
0,917348
0,917716
0,918080
0,918440
0,918808
0,919172
0,919536
0,919904
0,920268
0,920636
0,920996
0,921360
0,921728
0,922088
0,922452
0,922816
0,923180
0,923540
0,923908
0,924272
0,924632
0,925000
0,925360
0,925728
0,926092
0,926452
0,926820
0,927184
0,927544
0,927912
0,928276
0,928636
0,929004
0,929368
0,929728
0,930096
0,930456
0,930824
0,931188
0,931552
0,931920
0,932280
0,932644
0,933012
0,933372
0,933736
0,934104
0,934464
0,934828
0,935196
0,935556
0,935920
0,936288
0,936652
0,937020
0,937380
0,937744
0,938112
0,938472
0,938836
0,939204
0,939568
0,939928
0,940296
0,940660
0,941024
0,941392
0,941752
0,942124
0,942484
0,942848
0,943216
0,943576
0,943940
0,944308
0,944672
0,945032
0,945400
0,945764
0,946124
0,946492
0,946856
0,947224
0,947584
0,947948
0,948316
0,948676
0,949040
0,949408
0,949772
0,950132
0,950500
0,950864
0,951224
0,951596
0,951956
0,952328
0,952688
0,953052
0,953420
0,953784
0,954144
0,954512
0,954876
0,955240
0,955608
0,955968
0,956332
0,956700
0,957064
0,957428
0,957796
0,958160
0,958528
0,958892
0,959256
0,959624
0,959988
0,960352
0,960720
0,961080
0,961444
0,961812
0,962172
0,962532
0,962904
0,963264
0,963632
0,963992
0,964356
0,964724
0,965084
0,965448
0,965816
0,966176
0,966540
0,966904
0,967268
0,967628
0,968000
0,968360
0,968728
0,969088
0,969452
0,969820
0,970180
0,970544
0,970912
0,971276
0,971636
0,972004
0,972368
0,972732
0,973100
0,973460
0,973828
0,974192
0,974552
0,974920
0,975284
0,975644
0,976016
0,976376
0,976736
0,977104
0,977468
0,977828
0,978200
0,978560
0,978920
0,979292
0,979652
0,980020
0,980384
0,980744
0,981112
0,981476
0,981840
0,982208
0,982568
0,982932
0,983300
0,983664
0,984024
0,984392
0,984752
0,985120
0,985484
0,985844
0,986212
0,986572
0,986936
0,987304
0,987664
0,988024
0,988392
0,988756
0,989116
0,989484
0,989848
0,990216
0,990576
0,990940
0,991308
0,991672
0,992032
0,992400
0,992760
0,993124
0,993492
0,993852
0,994216
0,994584
0,994944
0,995308
0,995676
0,996036
0,996404
0,996768
0,997128
0,997496
0,997860
0,998220
0,998592
0,998952
0,999316
0,999684
0,1000044
0,1000456
0,1000860
0,1001264
0,1001676
0,1002080
0,1002484
0,1002896
0,1003300
0,1003712
0,1004116
0,1004520
0,1004932
0,1005336
0,1005748
0,1006152
0,1006560
0,1006968
0,1007376
0,1007784
0,1008192
0,1008596
0,1009008
0,1009412
0,1009824
0,1010228
0,1010632
0,1011044
0,1011452
0,1011864
0,1012268
0,1012672
0,1013084
0,1013488
0,1013900
0,1014308
0,1014712
0,1015124
0,1015532
0,1015944
0,1016348
0,1016752
0,1017164
0,1017572
0,1017984
0,1018388
0,1018796
0,1019208
0,1019612
0,1020024
0,1020428
0,1020836
0,1021248
0,1021652
0,1022064
0,1022472
0,1022876
0,1023288
0,1023696
0,1024108
0,1024512
0,1024916
0,1025324
0,1025728
0,1026136
0,1026540
0,1026944
0,1027356
0,1027760
0,1028168
0,1028572
0,1028976
0,1029384
0,1029788
0,1030200
0,1030604
0,1031008
0,1031420
0,1031824
0,1032232
0,1032636
0,1033044
0,1033452
0,1033856
0,1034268
0,1034672
0,1035076
0,1035488
0,1035892
0,1036300
0,1036708
0,1037112
0,1037524
0,1037928
0,1038332
0,1038744
0,1039148
0,1039560
0,1039964
0,1040368
0,1040776
0,1041180
0,1041592
0,1041996
0,1042400
0,1042812
0,1043216
0,1043628
0,1044032
0,1044436
0,1044844
0,1045248
0,1045660
0,1046064
0,1046468
0,1046876
0,1047284
0,1047692
0,1048096
0,1048500
0,1048912
0,1049316
0,1049728
0,1050132
0,1050536
0,1050944
0,1051348
0,1051760
0,1052164
0,1052568
0,1052980
0,1053384
0,1053796
0,1054200
0,1054604
0,1055016
0,1055420
0,1055832
0,1056236
0,1056640
0,1057052
0,1057456
0,1057868
0,1058272
0,1058676
0,1059088
0,1059492
0,1059904
0,1060308
0,1060712
0,1061124
0,1061528
0,1061940
0,1062344
0,1062752
0,1063160
0,1063564
0,1063976
0,1064384
0,1064788
0,1065200
0,1065604
0,1066012
0,1066416
0,1066820
0,1067232
0,1067636
0,1068048
0,1068452
0,1068856
0,1069264
0,1069672
0,1070076
0,1070488
0,1070892
0,1071300
0,1071708
0,1072112
0,1072524
0,1072928
0,1073340
0,1073744
0,1074148
0,1074560
0,1074964
0,1075376
0,1075780
0,1076184
0,1076596
0,1077000
0,1077412
0,1077816
0,1078220
0,1078632
0,1079036
0,1079448
0,1079852
0,1080256
0,1080668
0,1081072
0,1081484
0,1081888
0,1082292
0,1082704
0,1083108
0,1083520
0,1083924
0,1084332
0,1084740
0,1085148
0,1085560
0,1085964
0,1086368
0,1086780
0,1087184
0,1087596
0,1088000
0,1088404
0,1088816
0,1089216
0,1089628
0,1090032
0,1090436
0,1090848
0,1091252
0,1091664
0,1092068
0,1092472
0,1092884
0,1093288
0,1093700
0,1094104
0,1094508
0,1094920
0,1095324
0,1095736
0,1096140
0,1096544
0,1096956
0,1097364
0,1097772
0,1098180
0,1098584
0,1098996
0,1099400
0,1099812
0,1100216
0,1100624
0,1101036
0,1101440
0,1101852
0,1102256
0,1102660
0,1103072
0,1103480
0,1103892
0,1104296
0,1104700
0,1105112
0,1105520
0,1105932
0,1106336
0,1106740
0,1107152
0,1107556
0,1107964
0,1108372
0,1108780
0,1109192
0,1109596
0,1110000
0,1110412
0,1110820
0,1111232
0,1111636
0,1112040
0,1112452
0,1112856
0,1113268
0,1113676
0,1114080
0,1114492
0,1114896
0,1115308
0,1115716
0,1116120
0,1116532
0,1116940
0,1117352
0,1117756
0,1118164
0,1118576
0,1118980
0,1119392
0,1119800
0,1120204
0,1120616
0,1121020
0,1121432
0,1121836
0,1122244
0,1122652
0,1123060
0,1123472
0,1123876
0,1124280
0,1124692
0,1125096
0,1125512
0,1125916
0,1126324
0,1126736
0,1127140
0,1127548
0,1127956
0,1128360
0,1128772
0,1129176
0,1129588
0,1129992
0,1130396
0,1130808
0,1131212
0,1131624
0,1132028
0,1132436
0,1132844
0,1133248
0,1133660
0,1134068
0,1134472
0,1134884
0,1135288
0,1135700
0,1136104
0,1136512
0,1136924
0,1137328
0,1137740
0,1138144
0,1138548
0,1138960
0,1139368
0,1139776
0,1140184
0,1140588
0,1141000
0,1141404
0,1141816
0,1142220
0,1142628
0,1143040
0,1143444
0,1143856
0,1144264
0,1144668
0,1145080
0,1145484
0,1145896
0,1146304
0,1146708
0,1147120
0,1147528
0,1147936
0,1148344
0,1148748
0,1149160
0,1149564
0,1149976
0,1150380
0,1150788
0,1151200
0,1151604
0,1152016
0,1152420
0,1152824
0,1153236
0,1153640
0,1154044
0,1154456
0,1154860
0,1155268
0,1155676
0,1156080
0,1156492
0,1156896
0,1157304
0,1157712
0,1158116
0,1158528
0,1158932
0,1159344
0,1159748
0,1160152
0,1160564
0,1160968
0,1161380
0,1161784
0,1162188
0,1162600
0,1163004
0,1163416
0,1163824
0,1164228
0,1164640
0,1165044
0,1165456
0,1165860
0,1166264
0,1166676
0,1167084
0,1167492
0,1167900
0,1168304
0,1168716
0,1169120
0,1169532
0,1169936
0,1170340
0,1170752
0,1171160
0,1171572
0,1171976
0,1172380
0,1172792
0,1173200
0,1173612
0,1174016
0,1174420
0,1174832
0,1175240
0,1175652
0,1176056
0,1176460
0,1176872
0,1177280
0,1177692
0,1178096
0,1178500
0,1178912
0,1179316
0,1179728
0,1180132
0,1180540
0,1180952
0,1181356
0,1181768
0,1182172
0,1182580
0,1182992
0,1183396
0,1183808
0,1184216
0,1184620
0,1185032
0,1185436
0,1185848
0,1186252
0,1186660
0,1187072
0,1187476
0,1187888
0,1188292
0,1188700
0,1189108
0,1189516
0,1189928
0,1190332
0,1190740
0,1191152
0,1191556
0,1191968
0,1192376
0,1192780
0,1193192
0,1193596
0,1194012
0,1194416
0,1194820
0,1195232
0,1195640
0,1196052
0,1196456
0,1196864
0,1197272
0,1197680
0,1198092
0,1198496
0,1198904
0,1199312
0,1199720
0,1200128
0,1200536
0,1200944
0,1201356
0,1201760
0,1202164
0,1202576
0,1202984
0,1203396
0,1203800
0,1204204
0,1204616
0,1205020
0,1205432
0,1205840
0,1206244
0,1206656
0,1207060
0,1207472
0,1207876
0,1208284
0,1208696
0,1209100
0,1209512
0,1209920
0,1210324
0,1210736
0,1211140
0,1211552
0,1211960
0,1212364
0,1212776
0,1213184
0,1213596
0,1214000
0,1214408
0,1214820
0,1215224
0,1215636
0,1216044
0,1216448
0,1216860
0,1217264
0,1217676
0,1218080
0,1218488
0,1218900
0,1219304
0,1219716
0,1220120
0,1220524
0,1220936
0,1221344
0,1221756
0,1222160
0,1222568
0,1222980
0,1223384
0,1223796
0,1224204
0,1224608
0,1225020
0,1225424
0,1225840
0,1226244
0,1226648
0,1227060
0,1227468
0,1227880
0,1228288
0,1228692
0,1229104
0,1229512
0,1229920
0,1230324
0,1230732
0,1231140
0,1231548
0,1231956
0,1232364
0,1232768
0,1233180
0,1233584
0,1233996
0,1234400
0,1234804
0,1235216
0,1235620
0,1236032
0,1236436
0,1236840
0,1237252
0,1237656
0,1238068
0,1238476
0,1238880
0,1239292
0,1239696
0,1240108
0,1240512
0,1240916
0,1241328
0,1241732
0,1242144
0,1242548
0,1242956
0,1243368
0,1243772
0,1244184
0,1244588
0,1244992
0,1245404
0,1245808
0,1246220
0,1246628
0,1247032
0,1247444
0,1247852
0,1248264
0,1248668
0,1249072
0,1249484
0,1249888
0,1250292
0,1250704
0,1251112
0,1251524
0,1251928
0,1252332
0,1252744
0,1253152
0,1253564
0,1253968
0,1254372
0,1254788
0,1255192
0,1255604
0,1256008
0,1256412
0,1256824
0,1257228
0,1257640
0,1258048
0,1258452
0,1258864
0,1259268
0,1259680
0,1260088
0,1260492
0,1260904
0,1261308
0,1261720
0,1262124
0,1262532
0,1262944
0,1263348
0,1263760
0,1264168
0,1264572
0,1264984
0,1265388
0,1265800
0,1266208
0,1266612
0,1267024
0,1267432
0,1267844
0,1268248
0,1268656
0,1269068
0,1269472
0,1269884
0,1270292
0,1270696
0,1271108
0,1271516
0,1271928
0,1272332
0,1272740
0,1273152
0,1273556
0,1273972
0,1274376
0,1274784
0,1275196
0,1275604
0,1276016
0,1276420
0,1276828
0,1277240
0,1277644
0,1278056
0,1278464
0,1278868
0,1279284
0,1279688
0,1280100
0,1280504
0,1280908
0,1281316
0,1281720
0,1282132
0,1282536
0,1282940
0,1283352
0,1283756
0,1284164
0,1284568
0,1284972
0,1285384
0,1285788
0,1286196
0,1286604
0,1287008
0,1287416
0,1287820
0,1288232
0,1288636
0,1289040
0,1289452
0,1289856
0,1290268
0,1290672
0,1291076
0,1291488
0,1291892
0,1292304
0,1292708
0,1293112
0,1293524
0,1293928
0,1294332
0,1294744
0,1295148
0,1295560
0,1295964
0,1296372
0,1296780
0,1297188
0,1297596
0,1298004
0,1298408
0,1298820
0,1299224
0,1299632
0,1300040
0,1300444
0,1300856
4,1315576
4,1315988
4,1316392
4,1316796
8,1323948
8,1324360
12,1329956
12,1330412
16,1334728
16,1335176
20,1338864
20,1339312
24,1342556
24,1343020
28,1345856
28,1346320
32,1348908
32,1349372
36,1351772
40,1354480
44,1357032
48,1359444
52,1361744
56,1363928
60,1366012
64,1368024
68,1369968
72,1371840
76,1373672
80,1375420
84,1377148
88,1378836
92,1380468
96,1382072
100,1383684
104,1385208
108,1386716
112,1388180
116,1389628
120,1390988
124,1392424
128,1393800
132,1395120
136,1396440
140,1397740
144,1399020
148,1400276
152,1401512
156,1402728
160,1403952
164,1405128
168,1406292
172,1407452
176,1408600
180,1409740
184,1410864
188,1411976
192,1413076
196,1414180
200,1415204
204,1416324
208,1417364
212,1418388
216,1419424
220,1420436
224,1421472
228,1422472
232,1423488
236,1424472
240,1425448
244,1426404
248,1427356
252,1428304
256,1429248
260,1430184
264,1431116
268,1432040
272,1432956
276,1433872
280,1434776
284,1435660
288,1436504
292,1437420
296,1438296
300,1439156
304,1440020
308,1440880
312,1441732
316,1442588
320,1443436
324,1444276
328,1445104
332,1445940
336,1446752
340,1447568
344,1448388
348,1449192
352,1449992
356,1450792
360,1451584
364,1452368
368,1453160
372,1453940
376,1454716
380,1455488
384,1456256
388,1457012
392,1457768
396,1458536
400,1459296
404,1460048
408,1460800
412,1461544
416,1462284
420,1463012
424,1463748
428,1464480
432,1465200
436,1465916
440,1466644
444,1467360
448,1468068
452,1468776
456,1469484
460,1470176
464,1470872
468,1471568
472,1472252
476,1472936
480,1473616
484,1474296
488,1474976
492,1475652
496,1476320
500,1476988
504,1477660
508,1478320
512,1478980
516,1479640
520,1480276
524,1480948
528,1481600
532,1482248
536,1482904
540,1483544
544,1484188
548,1484828
552,1485452
556,1486076
560,1486708
564,1487336
568,1487960
572,1488580
576,1489200
580,1489824
584,1490440
588,1491064
592,1491668
596,1492284
600,1492872
604,1493504
608,1494112
612,1494708
616,1495304
620,1495904
624,1496500
628,1497100
632,1497692
636,1498288
640,1498872
644,1499456
648,1500040
652,1500628
656,1501216
660,1501788
664,1502380
668,1502952
672,1503528
676,1504100
680,1504668
684,1505236
688,1505800
692,1506376
696,1506936
700,1507500
704,1508056
708,1508620
712,1509176
716,1509740
720,1510296
724,1510860
728,1511416
732,1511980
736,1512544
740,1513100
748,1514148
752,1514712
756,1515268
760,1515832
768,1516840
772,1517396
776,1517960
784,1518976
788,1519532
792,1520096
800,1521096
804,1521652
812,1522680
816,1523244
824,1524240
828,1524800
836,1525792
840,1526348
848,1527324
852,1527888
860,1528852
864,1529408
872,1530352
876,1530912
884,1531844
888,1532404
896,1533328
900,1533884
908,1534808
916,1535788
924,1536760
932,1537732
940,1538696
948,1539660
956,1540608
964,1541564
972,1542512
980,1543460
988,1544400
996,1545348
1004,1546324
1012,1547240
1020,1548168
1028,1549092
1036,1550020
1044,1550936
1052,1551848
1060,1552760
1068,1553668
1076,1554580
1084,1555472
1092,1556360
1100,1557252
1108,1558140
1116,1559024
1124,1559912
1132,1560800
1140,1561680
1148,1562556
1156,1563428
1164,1564296
1172,1565160
1180,1566020
1188,1566888
1196,1567740
1204,1568600
1212,1569456
1220,1570300
1228,1571144
1236,1572012
1244,1572856
1252,1573696
1260,1574528
1268,1575356
1276,1576184
1284,1576988
1292,1577796
1300,1578620
1308,1579436
1316,1580272
1324,1581088
1332,1581888
1340,1582700
1348,1583504
1356,1584304
1364,1585096
1372,1585888
1380,1586684
1388,1587476
1396,1588272
1404,1589052
1412,1589836
1420,1590616
1428,1591408
1436,1592184
1444,1592964
1452,1593736
1460,1594512
1468,1595280
1476,1596048
1484,1596808
1492,1597576
1500,1598328
1508,1599088
1516,1599848
1524,1600612
1532,1601368
1540,1602120
1548,1602876
1556,1603636
1564,1604372
1572,1605116
1580,1605864
1588,1606600
1596,1607344
1604,1608084
1612,1608832
1620,1609556
1628,1610288
1636,1611016
1644,1611756
1652,1612484
1660,1613208
1668,1613952
1676,1614644
1684,1615360
1692,1616080
1700,1616788
1708,1617500
1716,1618216
1724,1618924
1732,1619632
1740,1620340
1748,1621068
1756,1621744
1764,1622444
1772,1623152
1780,1623844
1788,1624540
1796,1625260
1804,1625944
1812,1626636
1820,1627332
1828,1628016
1836,1628708
1844,1629400
1852,1630080
1860,1630764
1868,1631456
1876,1632136
1884,1632812
1892,1633496
1900,1634164
1908,1634840
1916,1635524
1924,1636188
1932,1636864
1940,1637536
1948,1638204
1956,1638876
1964,1639544
1972,1640208
1980,1640872
1988,1641544
1996,1642204
2004,1642872
2012,1643540
2020,1644204
2029,1644872
2040,1645824
2048,1646488
2056,1647156
2068,1648096
2076,1648764
2088,1649712
2096,1650372
2108,1651312
2116,1651984
2128,1652920
2140,1653876
2149,1654540
2160,1655448
2168,1656116
2180,1657032
2192,1657972
2204,1658916
2216,1659848
2228,1660788
2240,1661728
2252,1662660
2264,1663584
2276,1664516
2288,1665428
2300,1666356
2312,1667280
2324,1668200
2336,1669108
2348,1670028
2360,1670940
2372,1671848
2384,1672756
2396,1673668
2408,1674576
2420,1675480
2432,1676376
2444,1677272
2456,1678164
2468,1679056
2480,1679936
2492,1680824
2504,1681708
2516,1682600
2528,1683480
2540,1684352
2552,1685228
2564,1686096
2576,1686964
2588,1687836
2600,1688696
2612,1689568
2624,1690436
2636,1691300
2648,1692160
2660,1693020
2672,1693884
2684,1694736
2696,1695584
2708,1696432
2720,1697280
2732,1698132
2744,1698988
2756,1699828
2768,1700668
2780,1701512
2792,1702352
2804,1703200
2816,1704044
2828,1704868
2840,1705708
2852,1706540
2864,1707364
2876,1708196
2888,1709012
2900,1709832
2912,1710660
2924,1711480
2936,1712304
2948,1713112
2960,1713924
2972,1714732
2984,1715544
2996,1716380
3008,1717160
3020,1717968
3032,1718780
3044,1719580
3056,1720392
3068,1721188
3080,1721988
3092,1722784
3104,1723604
3116,1724376
3128,1725172
3140,1725964
3152,1726756
3164,1727568
3176,1728332
3188,1729120
3200,1729908
3212,1730720
3224,1731480
3236,1732264
3248,1733064
3260,1733848
3272,1734612
3284,1735384
3296,1736156
3308,1736936
3320,1737676
3332,1738464
3344,1739236
3356,1740004
3368,1740760
3380,1741528
3392,1742288
3404,1743056
3416,1743808
3428,1744568
3440,1745328
3452,1746088
3464,1746836
3476,1747592
3488,1748336
3500,1749100
3512,1749844
3524,1750596
3536,1751348
3548,1752104
3560,1752844
3572,1753588
3584,1754340
3596,1755076
3608,1755824
3620,1756564
3632,1757308
3644,1758044
3656,1758784
3668,1759516
3680,1760248
3692,1760980
3704,1761716
3716,1762464
3728,1763192
3740,1763928
3753,1764660
3768,1765592
3780,1766336
3796,1767272
3808,1768024
3824,1768956
3836,1769708
3852,1770656
3864,1771384
3880,1772308
3892,1773056
3908,1773968
3920,1774720
3936,1775656
3952,1776596
3968,1777540
3984,1778484
4000,1779428
4016,1780372
4032,1781312
4048,1782252
4064,1783188
4080,1784092
4096,1785044
4112,1785972
4128,1786900
4144,1787820
4160,1788736
4176,1789656
4192,1790576
4208,1791492
4224,1792412
4240,1793324
4256,1794244
4272,1795152
4288,1796048
4304,1796960
4320,1797868
4336,1798776
4352,1799680
4368,1800584
4384,1801492
4400,1802396
4416,1803300
4432,1804188
4448,1805088
4464,1805980
4480,1806864
4496,1807752
4512,1808648
4528,1809536
4544,1810416
4560,1811296
4576,1812176
4592,1813056
4608,1813932
4624,1814816
4640,1815696
4656,1816560
4672,1817436
4688,1818300
4704,1819176
4720,1820052
4736,1820928
4752,1821796
4768,1822656
4784,1823520
4800,1824384
4816,1825252
4832,1826112
4848,1826980
4864,1827832
4880,1828680
4896,1829536
4912,1830392
4928,1831244
4944,1832100
4960,1832936
4976,1833784
4992,1834628
5008,1835472
5024,1836320
5040,1837168
5056,1838004
5072,1838844
5088,1839676
5104,1840520
5120,1841364
5136,1842200
5152,1843028
5168,1843860
5184,1844696
5200,1845536
5216,1846372
5232,1847192
5248,1848024
5264,1848848
5280,1849668
5296,1850496
5312,1851312
5328,1852132
5344,1852952
5360,1853764
5376,1854588
5392,1855396
5408,1856212
5424,1857024
5440,1857840
5456,1858656
5472,1859460
5488,1860268
5504,1861080
5520,1861896
5536,1862704
5552,1863500
5568,1864304
5584,1865112
5600,1865920
5616,1866720
5632,1867520
5648,1868324
5664,1869124
5680,1869920
5696,1870712
5712,1871512
5732,1872492
5748,1873292
5764,1874108
5784,1875064
5800,1875872
5820,1876828
5836,1877640
5856,1878596
5876,1879580
5896,1880556
5912,1881372
5932,1882324
5952,1883296
5972,1884272
5992,1885240
6012,1886220
6032,1887180
6052,1888152
6072,1889116
6092,1890072
6112,1891036
6132,1891996
6152,1892956
6172,1893904
6192,1894860
6212,1895816
6232,1896788
6252,1897744
6272,1898696
6292,1899644
6312,1900592
6332,1901520
6352,1902464
6372,1903408
6392,1904352
6412,1905312
6432,1906252
6452,1907196
6472,1908132
6492,1909048
6512,1910004
6532,1910932
6552,1911864
6572,1912780
6592,1913708
6612,1914636
6632,1915564
6652,1916488
6672,1917412
6692,1918336
6712,1919276
6732,1920200
6752,1921120
6772,1922016
6792,1922932
6812,1923872
6832,1924768
6852,1925700
6872,1926608
6892,1927496
6912,1928432
6932,1929336
6952,1930236
6972,1931120
6992,1932040
7012,1932944
7032,1933844
7052,1934744
7072,1935652
7092,1936548
7112,1937444
7132,1938340
7152,1939236
7172,1940128
7192,1941024
7212,1941924
7232,1942820
7252,1943712
7272,1944600
7292,1945476
7312,1946364
7332,1947248
7352,1948132
7372,1949012
7392,1949900
7412,1950776
7432,1951652
7452,1952532
7472,1953408
7492,1954280
7512,1955156
7532,1956040
7552,1956916
7572,1957780
7592,1958652
7612,1959532
7632,1960404
7653,1961280
7672,1962148
7692,1963004
7712,1963868
7732,1964732
7752,1965596
7772,1966460
7792,1967324
7812,1968188
7836,1969212
7856,1970068
7880,1971092
7904,1972116
7925,1972980
7948,1974000
7972,1975024
7996,1976048
8020,1977072
8044,1978096
8068,1979112
8092,1980120
8116,1981140
8140,1982152
8164,1983160
8188,1984168
8212,1985176
8236,1986188
8260,1987192
8284,1988196
8308,1989204
8332,1990208
8356,1991212
8380,1992212
8404,1993216
8428,1994216
8452,1995216
8476,1996208
8500,1997200
8524,1998192
8548,1999184
8572,2000188
8596,2001180
8620,2002164
8644,2003152
8668,2004136
8692,2005120
8716,2006104
8740,2007088
8764,2008048
8788,2009028
8812,2010016
8836,2010992
8860,2011988
8884,2012956
8908,2013932
8932,2014904
8956,2015872
8980,2016840
9004,2017808
9028,2018760
9052,2019744
9076,2020712
9100,2021692
9124,2022656
9148,2023624
9172,2024584
9196,2025548
9220,2026484
9244,2027448
9268,2028408
9292,2029356
9316,2030312
9340,2031264
9364,2032212
9388,2033160
9412,2034112
9436,2035080
9460,2036032
9484,2036976
9508,2037924
9532,2038872
9556,2039820
9580,2040756
9604,2041700
9628,2042644
9652,2043588
9676,2044520
9700,2045460
9724,2046396
9748,2047336
9772,2048268
9796,2049204
9820,2050132
9844,2051060
9868,2051988
9892,2052916
9916,2053844
9940,2054772
9964,2055700
9988,2056632
10016,2057792
10044,2058872
10072,2059948
10100,2061004
10128,2062092
10156,2063164
10184,2064232
10212,2065304
10240,2066372
10268,2067440
10296,2068512
10324,2069576
10352,2070644
10380,2071708
10408,2072772
10436,2073836
10464,2074896
10492,2075948
10520,2077004
10548,2078060
10576,2079112
10604,2080160
10632,2081208
10660,2082256
10688,2083300
10716,2084352
10744,2085404
10772,2086452
10800,2087500
10828,2088548
10856,2089596
10884,2090632
10912,2091672
10940,2092708
10968,2093744
10996,2094780
11024,2095816
11052,2096852
11080,2097888
11108,2098920
11140,2100096
11168,2101132
11200,2102312
11228,2103348
11260,2104536
11292,2105688
11324,2106852
11356,2108016
11388,2109196
11420,2110344
11452,2111532
11484,2112696
11516,2113860
11548,2115000
11580,2116160
11612,2117328
11644,2118488
11676,2119656
11708,2120832
11740,2121984
11772,2123132
11804,2124276
11836,2125408
11868,2126560
11900,2127704
11932,2128852
11964,2130020
11996,2131164
12028,2132304
12064,2133572
12096,2134704
12128,2135844
12160,2136992
12192,2138132
12224,2139264
12256,2140396
12288,2141520
12320,2142652
12352,2143776
12384,2144908
12416,2146040
12448,2147168
12480,2148284
12512,2149416
12544,2150536
12576,2151652
12608,2152768
12640,2153888
12672,2155000
12704,2156116
12736,2157232
12768,2158344
12800,2159460
12832,2160572
12864,2161692
12896,2162792
12928,2163904
12960,2165008
12992,2166112
13024,2167216
13056,2168312
13088,2169412
13120,2170512
13152,2171612
13184,2172712
13216,2173812
13248,2174912
13284,2176148
13320,2177368
13352,2178468
13388,2179684
13424,2180908
13460,2182132
13496,2183364
13532,2184588
13568,2185804
13605,2187028
13640,2188252
13676,2189472
13712,2190688
13748,2191896
13784,2193104
13820,2194316
13856,2195536
13892,2196740
13928,2197952
13964,2199152
14000,2200364
14036,2201568
14072,2202780
14108,2203976
14144,2205172
14180,2206368
14216,2207560
14252,2208756
14288,2209956
14324,2211152
14360,2212340
14396,2213536
14432,2214728
14468,2215920
14504,2217108
14540,2218332
14580,2219604
14617,2220788
14652,2221988
14688,2223172
14724,2224372
14760,2225556
14796,2226700
14832,2227896
14868,2229092
14904,2230228
14940,2231444
14976,2232612
15012,2233784
15048,2234948
15084,2236116
15120,2237284
15156,2238456
15192,2239628
15228,2240796
15264,2241964
15304,2243244
15340,2244408
15380,2245696
15420,2246980
15460,2248260
15500,2249544
15540,2250836
15580,2252120
15620,2253396
15660,2254684
15700,2255964
15740,2257240
15780,2258504
15820,2259776
15860,2261056
15900,2262328
15940,2263596
15980,2264868
16020,2266144
16060,2267416
16100,2268668
16140,2269936
16180,2271196
16220,2272460
16260,2273724
16300,2274976
16340,2276236
16380,2277504
16420,2278776
16460,2280012
16500,2281260
16540,2282536
16580,2283784
16620,2285032
16660,2286260
16700,2287504
16741,2288792
16780,2290036
16820,2291244
16860,2292508
16900,2293744
16940,2295004
16980,2296240
17020,2297436
17060,2298692
17100,2299948
17140,2301188
17180,2302420
17220,2303640
17260,2304892
17300,2306124
17340,2307352
17380,2308580
17424,2309920
17465,2311148
17508,2312504
17549,2313732
17592,2315068
17632,2316304
17676,2317644
17720,2318976
17764,2320316
17808,2321664
17852,2322996
17896,2324332
17940,2325672
17984,2327008
18028,2328336
18072,2329676
18116,2331004
18160,2332328
18204,2333652
18248,2334984
18292,2336300
18336,2337628
18380,2338956
18424,2340284
18468,2341600
18512,2342920
18556,2344236
18600,2345540
18645,2346856
18688,2348172
18736,2349604
18780,2350920
18824,2352244
18868,2353556
18912,2354856
18956,2356160
19000,2357468
19045,2358776
19088,2360072
19132,2361388
19177,2362692
19220,2363992
19264,2365292
19308,2366596
19352,2367892
19400,2369292
19445,2370636
19488,2371896
19537,2373304
19580,2374600
19624,2375932
19668,2377224
19716,2378588
19764,2380028
19812,2381392
19860,2382796
19908,2384232
19957,2385596
20013,2387272
20061,2388664
20108,2390064
20156,2391456
20205,2392840
20252,2394236
20301,2395628
20361,2397364
20425,2399212
20469,2400552
20516,2401928
20577,2403660
20629,2405148
20705,2407332
20757,2408836
20809,2410324
20861,2411824
20909,2413196
20973,2415028
21025,2416508
21073,2417884
21217,2422004
21308,2424616
21377,2426548
21432,2428140
21489,2429724
21581,2432348
21641,2434040
21705,2435852
21761,2437468
21817,2439008
21957,2442956
22029,2444988
22109,2447252
22173,2449060
22232,2450744
22305,2452760
22357,2454180
22429,2456228
22493,2458024
22544,2459464
22597,2460916
22665,2462804
22733,2464692
22784,2466196
22861,2468308
22916,2469848
22968,2471296
23020,2472724
23073,2474168
23133,2475820
23189,2477376
23253,2479144
23305,2480576
23356,2482000
23409,2483432
23461,2484856
23513,2486292
23564,2487720
23649,2490084
23705,2491660
23773,2493516
23829,2495032
23921,2497524
23981,2499172
24045,2500940
24105,2502568
24177,2504508
24232,2506068
24405,2510712
24505,2513460
24585,2515616
24641,2517136
24697,2518648
24773,2520704
24857,2522972
24933,2525020
25013,2527172
25081,2529000
25161,2531156
25217,2532668
25273,2534164
25332,2535776
25432,2538440
25533,2541124
25605,2543048
25685,2545184
25745,2546780
25833,2549120
25921,2551456
26109,2556460
26181,2558364
26397,2564076
26533,2567704
26609,2569668
26753,2573460
26837,2575704
26901,2577344
26973,2579228
27033,2580836
27117,2583040
27185,2584836
27261,2586860
27325,2588508
27385,2590092
27509,2593388
27617,2596208
27728,2599120
27829,2601712
27897,2603488
28053,2607544
28129,2609512
28225,2611988
28449,2617796
28529,2619864
28625,2622328
28737,2625220
28809,2627084
28905,2629548
28977,2631396
29049,2633248
29141,2635608
29237,2638196
29309,2640060
29425,2643020
29497,2644824
29833,2653432
29905,2655280
29965,2656900
30053,2659132
30121,2660864
30209,2663104
30305,2665548
30373,2667268
30441,2669036
30533,2671320
30665,2674656
30733,2676376
30809,2678336
30884,2680252
30961,2682168
31029,2683872
31209,2688412
31277,2690120
31345,2691820
31453,2694532
31541,2696740
31653,2699552
31729,2701448
31801,2703240
31868,2704944
31953,2707044
32057,2709640
32137,2711632
32265,2714816
32393,2718004
32460,2719688
32541,2721672
32617,2723556
32693,2725444
32773,2727432
32856,2729548
32940,2731624
33065,2734688
33137,2736468
33249,2739240
33336,2741404
33413,2743236
33489,2745164
33605,2748060
33681,2749972
33753,2751740
33864,2754452
34053,2759112
34133,2761068
34225,2763320
34329,2765920
34445,2768800
34533,2770952
34613,2772900
34757,2776420
34829,2778184
34917,2780328
35041,2783344
35125,2785388
35249,2788412
35329,2790348
35429,2792784
35557,2795896
35645,2798036
35729,2800072
35849,2802980
35925,2804824
36217,2811984
36381,2815924
36473,2818192
36561,2820324
36656,2822644
36905,2828732
37052,2832308
37193,2835792
37293,2838208
37457,2842160
37669,2847288
37760,2849504
37848,2851628
38041,2856272
38125,2858328
38221,2860640
38321,2863016
38441,2865912
38517,2867780
38601,2869800
38701,2872172
38853,2875932
38953,2878328
39169,2883536
39297,2886616
39405,2889216
39569,2893172
39793,2898556
39889,2900860
39969,2902788
40053,2904816
40133,2906740
40209,2908560
40325,2911364
40437,2914056
40512,2915920
40644,2919056
40721,2920888
40893,2925108
40985,2927312
41181,2932028
41393,2937116
41633,2942892
41713,2944812
41840,2947884
41921,2949812
42005,2951868
42113,2954456
42221,2957016
42313,2959220
42425,2961956
42509,2963968
42637,2967040
42713,2968832
42813,2971272
42889,2973092
42973,2975108
43133,2978916
43229,2981260
43309,2983176
43385,2985000
43617,2990624
43701,2992636
43817,2995416
43893,2997240
43985,2999456
44085,3001856
44185,3004244
44261,3006072
44361,3008472
44449,3010592
44636,3015136
44725,3017308
44945,3022580
45077,3025740
45153,3027616
45237,3029632
45321,3031644
45432,3034328
45665,3039988
45740,3041808
45828,3043920
45945,3046708
46021,3048532
46101,3050408
46193,3052648
46277,3054664
46420,3058120
46501,3060036
46628,3063100
46729,3065472
46881,3069200
46973,3071404
47085,3074092
47205,3076964
47289,3078976
47409,3081856
47593,3086268
47677,3088280
47817,3091636
47953,3094904
48029,3096768
48105,3098548
48385,3105356
48465,3107272
48541,3109088
48649,3111672
48785,3114936
48889,3117432
48973,3119488
49065,3121692
49165,3124056
49253,3126160
49329,3128020
49409,3129936
49485,3131756
49569,3133776
49653,3135784
49732,3137696
49820,3139804
50105,3146660
50193,3148764
50269,3150588
50353,3152612
50469,3155388
50617,3158936
50777,3162816
50965,3167364
51073,3169956
51229,3173696
51357,3176756
51605,3182704
51701,3185000
51809,3187576
52017,3192564
52109,3194764
52201,3196968
52333,3200184
52405,3201956
52493,3204060
52608,3206880
52693,3208952
52785,3211152
53265,3222648
53409,3226092
53517,3228728
53596,3230604
53681,3232612
53804,3235576
53881,3237408
53989,3240032
54073,3242036
54161,3244144
54277,3246880
54389,3249608
54481,3251804
54585,3254252
54777,3258944
54853,3260764
55057,3265644
55141,3267700
55217,3269480
55301,3271488
55509,3276556
55593,3278576
55885,3285560
55969,3287620
56045,3289432
56129,3291440
56205,3293260
56297,3295464
56385,3297572
56469,3299580
56585,3302316
56725,3305708
56801,3307488
56908,3310104
57021,3312840
57097,3314656
57277,3318968
57389,3321640
57485,3323948
57584,3326384
57665,3328296
57765,3330736
57901,3333992
58005,3336488
58189,3340928
58380,3345528
58465,3347536
58549,3349544
58633,3351608
58776,3355100
58853,3356916
58937,3358924
59185,3364916
59461,3371516
59541,3373476
59625,3375536
59741,3378304
59829,3380412
59909,3382332
60008,3384764
60281,3391320
60365,3393332
60461,3395632
60617,3399360
60705,3401464
60825,3404340
60993,3408356
61081,3410464
61165,3412476
61265,3414856
61385,3417732
61529,3421172
61605,3423000
61684,3424944
61769,3426956
61909,3430368
62076,3434476
62164,3436620
62269,3439168
62389,3442036
62645,3448160
62737,3450456
62857,3453320
62969,3455992
63081,3458684
63157,3460544
63268,3463216
63356,3465320
63469,3468008
63548,3469920
63629,3471884
63737,3474464
63837,3476860
63965,3479928
64125,3483744
64233,3486332
64313,3488344
64401,3490444
64565,3494364
64645,3496284
64737,3498528
64817,3500440
64948,3503592
65029,3505564
65105,3507384
65389,3514164
65525,3517436
65601,3519248
65677,3521100
65773,3523360
65925,3527092
66013,3529192
66137,3532156
66249,3534840
66332,3536852
66421,3539048
66545,3542004
66633,3544160
66725,3546364
66809,3548368
66901,3550568
67077,3554780
67153,3556596
67248,3558888
67349,3561324
67433,3563340
67517,3565348
67605,3567452
67777,3571560
67857,3573572
67949,3575776
68057,3578356
68301,3584244
68397,3586532
68473,3588348
68593,3591216
68673,3593096
68761,3595196
68840,3597104
68925,3599116
69017,3601316
69125,3603996
69221,3606280
69309,3608380
69453,3611832
69529,3613656
69636,3616268
69724,3618372
69829,3620920
69989,3624736
70321,3632684
70409,3634784
70553,3638216
70629,3640048
70713,3642096
70793,3644008
70889,3646344
71077,3650852
71261,3655244
71345,3657252
71425,3659168
71533,3661788
71609,3663652
71769,3667484
71897,3670592
71985,3672692
72113,3675744
72297,3680144
72381,3682148
72461,3684108
72565,3686604
72829,3692912
72905,3694724
73073,3698748
73229,3702468
73309,3704380
73393,3706392
73541,3709972
73620,3711840
73708,3713944
73893,3718484
73973,3720392
74105,3723540
74257,3727228
74337,3729180
74412,3730996
74617,3735932
74693,3737792
74769,3739600
74896,3742620
75113,3747884
75265,3751552
75641,3760588
75721,3762500
75797,3764364
75880,3766372
75989,3768952
76088,3771296
76189,3773728
76280,3775932
76389,3778504
76488,3780896
76613,3783868
76689,3785676
76769,3787584
76857,3789684
76973,3792460
77061,3794572
77165,3797052
77285,3799876
77477,3804560
77629,3808224
77773,3811724
77873,3814152
77949,3815972
78077,3819024
78153,3820844
78272,3823712
78361,3825828
78480,3828636
78681,3833512
78789,3836088
78945,3839808
79153,3844828
79276,3847784
79365,3849888
79445,3851808
79588,3855200
79677,3857300
79777,3859728
79853,3861600
79981,3864656
80113,3867804
80233,3870772
80509,3877360
80721,3882424
81077,3890932
81157,3892836
81245,3894936
81549,3902236
81669,3905104
81933,3911456
82017,3913460
82105,3915564
82197,3917776
82289,3920008
82376,3922104
82464,3924208
82577,3926848
82701,3929896
82801,3932284
82889,3934384
83165,3941076
83349,3945464
83437,3947572
83557,3950428
83737,3954736
83849,3957456
83933,3959460
84045,3962132
84121,3963948
84221,3966344
84309,3968440
84445,3971688
84644,3976560
84757,3979288
84848,3981520
84925,3983304
85001,3985156
85173,3989308
85421,3995244
85521,3997664
85644,4000588
85729,4002600
85836,4005220
85913,4007032
86044,4010180
86236,4014772
86317,4016680
86429,4019352
86533,4021836
86609,4023656
86713,4026128
86789,4027948
86965,4032248
87072,4034828
87149,4036640
87241,4038836
87389,4042428
87485,4044712
87661,4048960
87773,4051696
88205,4062048
88344,4065384
88432,4067488
88620,4072076
88701,4073984
88829,4077036
89013,4081432
89140,4084480
89228,4086544
89309,4088496
89409,4090892
89508,4093288
89589,4095180
89673,4097236
89813,4100680
89893,4102588
89993,4104964
90169,4109216
90249,4111124
90420,4115192
90501,4117144
90593,4119340
90685,4121532
90821,4124780
90993,4128944
91069,4130752
91153,4132756
91349,4137444
91529,4141736
91617,4143836
91705,4146032
91825,4148904
91945,4151764
92049,4154240
92221,4158444
92601,4167516
92697,4169808
92893,4174488
93001,4177108
93081,4179016
93177,4181304
93369,4185984
93581,4191088
93665,4193096
93809,4196544
93893,4198544
94053,4202356
94229,4206560
94312,4208568
94505,4213288
94589,4215296
94669,4217204
94769,4219640
94877,4222264
94985,4224896
95125,4228236
95277,4231868
95521,4237692
95617,4240024
95853,4245760
95937,4247764
96057,4250592
96133,4252440
96261,4255496
96384,4258460
96481,4260716
96573,4262956
96661,4265052
96785,4267972
96909,4271036
97009,4273460
97092,4275460
97180,4277564
97261,4279476
97361,4281964
97445,4283968
97561,4286736
97701,4290180
97793,4292368
97884,4294528
97973,4296632
98073,4299156
98157,4301220
98249,4303412
98365,4306180
98457,4308384
98541,4310436
98633,4312628
98801,4316692
98889,4318840
98981,4321032
99072,4323188
99160,4325292
99241,4327204
99352,4329924
99437,4331928
99560,4334884
99653,4337084
99752,4339472
99829,4341288
99960,4344436
100081,4347500
100165,4349508
100377,4354568
100497,4357480
100588,4359676
100697,4362252
100869,4366420
100981,4369096
101069,4371192
101153,4373240
101241,4375344
101333,4377592
101685,4386052
101780,4388340
101881,4390728
102065,4395184
102256,4399804
102344,4401908
102445,4404356
102561,4407128
102813,4413144
102945,4416300
103041,4418588
103133,4420784
103229,4423124
103332,4425608
103421,4427708
103517,4430008
103625,4432640
103728,4435172
103837,4437748
103933,4440036
104065,4443348
104245,4447644
104345,4450032
104517,4454192
104601,4456196
104709,4458776
104821,4461412
104921,4463844
105005,4465848
105117,4468524
105285,4472592
105377,4474784
105465,4476884
105553,4478956
105681,4482152
105905,4487496
105993,4489604
106093,4492044
106225,4495236
106385,4499068
106505,4501980
106613,4504552
106713,4506944
106797,4509008
106953,4512780
107045,4514976
107273,4520480
107425,4524112
107541,4526880
107681,4530276
107777,4532568
107873,4534908
107981,4537536
108096,4540272
108181,4542316
108305,4545276
108477,4549396
108581,4551876
108705,4554836
108845,4558240
109081,4563908
109285,4568796
109373,4570896
109500,4573948
109617,4576780
109797,4581076
109909,4583752
110009,4586188
110101,4588388
110189,4590480
110337,4594076
110421,4596084
110513,4598284
110689,4602484
110781,4604684
110884,4607216
110969,4609220
111073,4611704
111241,4615872
111361,4618752
111484,4621736
111625,4625088
111716,4627284
111805,4629380
111973,4633400
112076,4635888
112181,4638372
112284,4640852
112385,4643244
112476,4645448
112565,4647548
112681,4650316
112785,4652804
112865,4654816
112949,4656820
113080,4659968
113173,4662132
113272,4664564
113360,4666664
113481,4669528
113577,4671828
113797,4677136
113969,4681292
114065,4683592
114188,4686544
114276,4688648
114393,4691480
114661,4697880
114813,4701520
114897,4703528
114989,4705724
115113,4708684
115237,4711748
115393,4715464
115545,4719104
115765,4724360
115913,4727896
116037,4730824
116185,4734400
116441,4740520
116580,4743900
116665,4745908
116856,4750600
116944,4752700
117049,4755184
117169,4758108
117385,4763264
117549,4767188
117749,4771968
117913,4775844
118081,4779904
118169,4781996
118353,4786404
118453,4788836
118537,4790840
118657,4793704
118773,4796484
118857,4798492
118940,4800488
119060,4803360
119149,4805468
119252,4807956
119341,4810056
119460,4812920
119573,4815600
119657,4817612
119741,4819616
119860,4822480
119997,4825792
120125,4828844
120217,4831040
120321,4833528
120489,4837548
120649,4841324
120821,4845444
120925,4847968
121105,4852268
121301,4856956
121421,4859812
121589,4863932
121697,4866520
121801,4868996
122017,4874208
122117,4876600
122241,4879564
122397,4883344
122482,4885356
122565,4887404
122648,4889408
122733,4891420
122840,4894004
122925,4896008
123049,4898972
123185,4902228
123277,4904480
123444,4908532
123625,4912940
123713,4915040
123841,4918096
123957,4920928
124085,4923984
124177,4926180
124417,4932020
124517,4934408
124649,4937600
124785,4940864
124901,4943632
125029,4946688
125157,4949808
125301,4953292
125433,4956540
125533,4958936
125616,4960944
125705,4963048
125793,4965152
125881,4967256
125961,4969224
126053,4971460
126153,4973856
126333,4978216
126661,4986056
126805,4989508
127005,4994284
127093,4996392
127208,4999212
127297,5001316
127416,5004144
127537,5007060
127701,5011032
127849,5014568
127985,5017876
128217,5023508
128313,5025904
128397,5027916
128484,5030016
128597,5032696
128685,5034800
128853,5038876
128937,5040880
129049,5043560
129213,5047584
129357,5051020
129505,5054664
129584,5056620
129672,5058724
129792,5061552
129885,5063796
129984,5066188
130100,5069052
130188,5071160
130273,5073172
130401,5076292
130609,5081260
130793,5085672
130881,5087772
130981,5090160
131176,5094900
131261,5096908
131385,5099868
131569,5104376
131692,5107336
131780,5109440
131869,5111548
131961,5113748
132049,5115848
132165,5118628
132261,5120944
132368,5123612
132453,5125616
132549,5127912
132769,5133180
132853,5135184
132977,5138148
133129,5141844
133217,5143948
133305,5146092
133477,5150264
133585,5152848
133713,5155900
133813,5158292
133901,5160500
134173,5166960
134349,5171260
134469,5174168
134617,5177756
134697,5179728
134877,5184028
135009,5187184
135117,5189816
135225,5192392
135329,5194876
135513,5199336
135629,5202152
135729,5204540
135817,5206644
136029,5211764
136117,5213864
136229,5216548
136340,5219232
136428,5221364
136537,5223952
136649,5226632
136740,5228836
136841,5231224
136945,5233708
137105,5237592
137273,5241604
137361,5243708
137509,5247396
137609,5249780
137721,5252456
137925,5257488
138093,5261496
138317,5267000
138401,5269000
138489,5271104
138613,5274068
138777,5278044
138865,5280144
138965,5282536
139045,5284500
139173,5287608
139305,5290760
139457,5294496
139569,5297172
139729,5300996
139821,5303200
139908,5305340
139993,5307348
140085,5309552
140181,5311848
140281,5314244
140365,5316304
140517,5319932
140629,5322704
140713,5324760
140820,5327340
140908,5329444
141077,5333520
141189,5336196
141353,5340080
141533,5344424
141617,5346428
141709,5348628
141789,5350588
141877,5352696
142001,5355708
142100,5358140
142221,5361016
142305,5363024
142412,5365600
142500,5367668
142597,5370060
142688,5372304
142789,5374692
142889,5377080
143065,5381396
143181,5384216
143289,5386796
143497,5391872
143585,5393972
143709,5396936
143821,5399716
143909,5401820
143997,5403924
144129,5407120
144285,5410908
144381,5413240
144476,5415536
144609,5418848
144721,5421524
145001,5428360
145097,5430656
145197,5433044
145297,5435436
145549,5441512
145653,5444000
145805,5447644
145893,5449788
145993,5452176
146165,5456384
146244,5458396
146329,5460404
146445,5463172
146533,5465336
146613,5467296
146721,5469872
146848,5472928
146941,5475132
147040,5477524
147128,5479628
147213,5481684
147305,5483888
147385,5485844
147476,5488044
147577,5490432
147721,5493876
147829,5496560
147913,5498632
148017,5501096
148129,5503876
148341,5508944
148433,5511144
148561,5514304
148737,5518508
149016,5525344
149105,5527440
149229,5530460
149377,5534004
149489,5536672
149593,5539160
149773,5543516
149897,5546476
150020,5549436
150105,5551448
150197,5553748
150285,5555848
150369,5557856
150501,5561012
150585,5563120
150693,5565752
150853,5569576
150929,5571496
151017,5573640
151101,5575636
151349,5581720
151493,5585164
151601,5587744
151693,5589944
151773,5591908
151865,5594096
151945,5596056
152145,5600896
152265,5603760
152365,5606148
152461,5608440
152605,5611948
152773,5615956
152889,5618736
152980,5620976
153065,5622984
153188,5625944
153305,5628724
153429,5631756
153533,5634268
153629,5636560
153713,5638668
153797,5640676
153881,5642680
154033,5646328
154168,5649664
154253,5651672
154377,5654632
154473,5656932
154605,5660144
154737,5663292
154821,5665300
154941,5668176
155069,5671232
155157,5673332
155297,5676780
155401,5679308
155489,5681464
155756,5687916
155857,5690296
155964,5692884
156089,5695948
156193,5698428
156305,5701108
156413,5703680
156525,5706468
156625,5708852
156753,5711908
156921,5715924
157013,5718180
157105,5720372
157213,5722956
157344,5726152
157429,5728160
157552,5731124
157661,5733764
157789,5736824
157893,5739304
157981,5741408
158113,5744532
158201,5746664
158421,5752024
158501,5753984
158613,5756656
158745,5759860
158869,5762828
159057,5767320
159185,5770376
159269,5772432
159373,5774916
159461,5777016
159577,5779844
159761,5784244
159917,5787968
160025,5790592
160117,5792848
160221,5795328
160345,5798288
160461,5801068
160557,5803404
160729,5807560
160837,5810152
160921,5812196
161005,5814196
161089,5816204
161309,5821472
161393,5823472
161525,5826720
161629,5829264
161841,5834324
161961,5837192
162105,5840732
162229,5843692
162417,5848228
162533,5851052
162713,5855392
162797,5857404
162904,5859984
162989,5861992
163085,5864280
163213,5867392
163529,5874940
163641,5877628
163725,5879672
163809,5881676
163908,5884060
164033,5887080
164129,5889416
164216,5891512
164304,5893616
164397,5895820
164517,5898744
164669,5902328
164761,5904568
164853,5906812
164969,5909580
165057,5911680
165153,5913976
165237,5916040
165329,5918280
165421,5920472
165537,5923244
165633,5925596
165857,5930904
165961,5933428
166077,5936248
166169,5938444
166292,5941400
166389,5943700
166484,5945992
166573,5948092
166753,5952408
166880,5955512
166965,5957552
167069,5960040
167169,5962428
167280,5965108
167400,5967968
167488,5970072
167585,5972368
167680,5974664
167800,5977524
167885,5979584
168045,5983460
168133,5985560
168281,5989088
168549,5995548
168705,5999272
168821,6002144
169029,6007104
169125,6009400
169245,6012368
169345,6014756
169513,6018764
169661,6022348
169777,6025160
169893,6027936
170005,6030660
170093,6032812
170185,6035008
170305,6037872
170637,6045800
170841,6050736
171013,6054868
171105,6057076
171225,6060000
171349,6062992
171505,6066768
171641,6070020
171725,6072020
171805,6073980
171949,6077428
172069,6080424
172160,6082620
172249,6084724
172349,6087112
172433,6089124
172521,6091224