0	0	0.21
0	0	1.25
0	0	2.46
0	0	3.51
0	0	4.34
0	0	4.78
0	0	5
0.01	0	5
0.01	0	5
0.01	0	5
0.01	0	5
0.01	0	5
0.01	0	5
0.01	0	5
0.01	0	5
0.02	0	5
0.02	0	5
0.02	0	5
0.02	0	5
0.02	0	5
0.02	0	5
0.02	0	5
0.03	0	5
0.03	0	5
0.03	0	5
0.03	0	5
0.03	0	5
0.03	0	5
0.03	0	5
0.04	0	5
0.04	0	5
0.04	0	5
0.04	0	5
0.04	3.6	5
0.04	3.6	5
0.04	3.6	5
0.04	3.6	5
0.05	3.6	5
0.05	3.6	5
0.05	3.6	5
0.05	3.6	5
0.05	3.6	5
0.05	3.6	5
0.05	3.6	5
0.06	3.6	5
0.06	3.6	5
0.06	3.6	5
0.06	3.6	5
0.06	3.6	5
0.06	3.6	5
0.06	3.6	5
0.07	3.6	5
0.07	3.6	5
0.07	3.6	5
0.07	3.6	5
0.07	3.6	5
0.07	3.6	5
0.07	3.6	5
0.07	3.6	5
0.08	3.6	5
0.08	3.6	5
0.08	3.6	5
0.08	3.6	5
0.08	3.6	5
0.08	7.2	5
0.08	7.2	5
0.09	7.2	5
0.09	7.2	5
0.09	7.2	5
0.09	7.2	5
0.09	7.2	5
0.09	7.2	5
0.09	7.2	5
0.1	7.2	5
0.1	7.2	5
0.1	7.2	5
0.1	7.2	5
0.1	7.2	5
0.1	7.2	5
0.1	7.2	5
0.11	7.2	5
0.11	10.8	5
0.11	10.8	5
0.11	10.8	5
0.11	10.8	5
0.11	10.8	5
0.11	10.8	5
0.12	10.8	5
0.12	10.8	5
0.12	10.8	5
0.12	14.4	5
0.12	14.4	5
0.12	14.4	5
0.12	14.4	5
0.13	14.4	5
0.13	14.4	5
0.13	14.4	5
0.13	18	5
0.13	18	5
0.13	18	5
0.13	18	5
0.14	18	5
0.14	21.6	5
0.14	21.6	5
0.14	21.6	5
0.14	21.6	5
0.14	25.2	5
0.14	25.2	5
0.15	25.2	5
0.15	25.2	5
0.15	28.8	5
0.15	28.8	5
0.15	28.8	5
0.15	32.4	5
0.15	32.4	5
0.16	32.4	5
0.16	32.4	5
0.16	36	5
0.16	36	5
0.16	36	5
0.16	39.6	5
0.16	39.6	5
0.17	39.6	5
0.17	43.2	5
0.17	43.2	5
0.17	43.2	5
0.17	46.8	5
0.17	46.8	5
0.17	50.4	5
0.18	50.4	5
0.18	54	5
0.18	54	5
0.18	57.6	5
0.18	61.2	5
0.18	61.2	5
0.18	64.8	5
0.19	64.8	5
0.19	68.4	5
0.19	68.4	5
0.19	72	5
0.19	72	5
0.19	75.6	5
0.19	75.6	5
0.2	79.2	5
0.2	79.2	5
0.2	82.8	5
0.2	82.8	5
0.2	86.4	5
0.2	86.4	5
0.2	90	5
0.21	93.6	5
0.21	93.6	5
0.21	97.2	5
0.21	97.2	5
0.21	100.8	5
0.21	104.4	5
0.21	104.4	5
0.22	108	5
0.22	111.6	5
0.22	111.6	5
0.22	115.2	5
0.22	118.8	5
0.22	122.4	5
0.23	122.4	5
0.23	126	5
0.23	129.6	5
0.23	133.2	5
0.23	136.8	5
0.23	140.4	5
0.23	144	5
0.24	147.6	5
0.24	151.2	5
0.24	151.2	5
0.24	154.8	5
0.24	158.4	5
0.24	162	5
0.25	165.6	5
0.25	169.2	5
0.25	172.8	5
0.25	176.4	5
0.25	176.4	5
0.25	180	5
0.25	183.6	5
0.26	187.2	5
0.26	190.8	5
0.26	194.4	5
0.26	198	5
0.26	201.6	5
0.26	205.2	5
0.27	208.8	5
0.27	212.4	5
0.27	216	5
0.27	219.6	5
0.27	223.2	5
0.27	226.8	5
0.27	230.4	5
0.28	234	5
0.28	237.6	5
0.28	241.2	5
0.28	244.8	5
0.28	248.4	5
0.28	252	5
0.28	255.6	5
0.29	259.2	5
0.29	262.8	5
0.29	266.4	5
0.29	270	5
0.29	273.6	5
0.29	280.8	5
0.3	284.4	5
0.3	288	5
0.3	291.6	5
0.3	295.2	5
0.3	298.8	5
0.3	302.4	5
0.3	306	5
0.31	309.6	5
0.31	316.8	5
0.31	320.4	5
0.31	324	5
0.31	327.6	5
0.31	331.2	5
0.32	334.8	5
0.32	338.4	5
0.32	345.6	5
0.32	349.2	5
0.32	352.8	5
0.32	356.4	5
0.32	363.6	5
0.33	367.2	5
0.33	370.8	5
0.33	374.4	5
0.33	378	5
0.33	381.6	5
0.33	388.8	5
0.34	392.4	5
0.34	396	5
0.34	399.6	5
0.34	406.8	5
0.34	410.4	5
0.34	414	5
0.34	421.2	5
0.35	424.8	5
0.35	428.4	5
0.35	435.6	5
0.35	439.2	5
0.35	442.8	5
0.35	450	5
0.35	453.6	5
0.36	457.2	5
0.36	464.4	5
0.36	468	5
0.36	471.6	5
0.36	478.8	5
0.36	482.4	5
0.37	489.6	5
0.37	493.2	5
0.37	496.8	5
0.37	504	5
0.37	507.6	5
0.37	514.8	5
0.37	518.4	5
0.38	525.6	5
0.38	529.2	5
0.38	532.8	5
0.38	540	5
0.38	543.6	5
0.38	550.8	5
0.39	554.4	5
0.39	561.6	5
0.39	565.2	5
0.39	572.4	5
0.39	576	5
0.39	583.2	5
0.39	586.8	5
0.4	594	5
0.4	597.6	5
0.4	601.2	5
0.4	608.4	5
0.4	612	5
0.4	619.2	5
0.41	622.8	5
0.41	630	5
0.41	633.6	5
0.41	640.8	5
0.41	644.4	5
0.41	651.6	5
0.41	655.2	5
0.42	662.4	5
0.42	666	5
0.42	673.2	5
0.42	676.8	5
0.42	684	5
0.42	687.6	5
0.43	694.8	5
0.43	698.4	5
0.43	705.6	5
0.43	709.2	5
0.43	716.4	5
0.43	723.6	5
0.43	727.2	5
0.44	734.4	5
0.44	738	5
0.44	745.2	5
0.44	748.8	5
0.44	756	5
0.44	759.6	5
0.45	766.8	5
0.45	774	5
0.45	777.6	5
0.45	784.8	5
0.45	788.4	5
0.45	795.6	5
0.45	799.2	5
0.46	806.4	5
0.46	813.6	5
0.46	817.2	5
0.46	824.4	5
0.46	828	5
0.46	835.2	5
0.47	842.4	5
0.47	846	5
0.47	853.2	5
0.47	860.4	5
0.47	864	5
0.47	871.2	5
0.47	878.4	5
0.48	882	5
0.48	889.2	5
0.48	896.4	5
0.48	900	5
0.48	907.2	5
0.48	914.4	5
0.48	918	5
0.49	925.2	5
0.49	932.4	5
0.49	939.6	5
0.49	943.2	5
0.49	950.4	5
0.49	957.6	5
0.5	961.2	5
0.5	968.4	5
0.5	975.6	5
0.5	979.2	5
0.5	986.4	5
0.5	993.6	5
0.5	1000.8	5
0.51	1008	5
0.51	1011.6	5
0.51	1018.8	5
0.51	1026	5
0.51	1033.2	5
0.51	1040.4	5
0.52	1044	5
0.52	1051.2	5
0.52	1058.4	5
0.52	1065.6	5
0.52	1072.8	5
0.52	1080	5
0.53	1083.6	5
0.53	1090.8	5
0.53	1098	5
0.53	1105.2	5
0.53	1112.4	5
0.53	1119.6	5
0.54	1123.2	5
0.54	1130.4	5
0.54	1137.6	5
0.54	1144.8	5
0.54	1152	5
0.54	1159.2	5
0.54	1166.4	5
0.55	1173.6	5
0.55	1180.8	5
0.55	1188	5
0.55	1195.2	5
0.55	1202.4	5
0.55	1209.6	5
0.56	1216.8	5
0.56	1220.4	5
0.56	1227.6	5
0.56	1234.8	5
0.56	1242	5
0.56	1249.2	5
0.57	1256.4	5
0.57	1263.6	5
0.57	1270.8	5
0.57	1278	5
0.57	1285.2	5
0.57	1292.4	5
0.57	1299.6	5
0.58	1306.8	5
0.58	1314	5
0.58	1321.2	5
0.58	1328.4	5
0.58	1335.6	5
0.58	1342.8	5
0.59	1350	5
0.59	1357.2	5
0.59	1364.4	5
0.59	1371.6	5
0.59	1378.8	5
0.59	1386	5
0.6	1393.2	5
0.6	1400.4	5
0.6	1407.6	5
0.6	1414.8	5
0.6	1422	5
0.6	1429.2	5
0.61	1436.4	5
0.61	1443.6	5
0.61	1450.8	5
0.61	1458	5
0.61	1465.2	5
0.61	1472.4	5
0.61	1479.6	5
0.62	1486.8	5
0.62	1494	5
0.62	1501.2	5
0.62	1508.4	5
0.62	1515.6	5
0.62	1522.8	5
0.63	1530	5
0.63	1537.2	5
0.63	1544.4	5
0.63	1551.6	5
0.63	1558.8	5
0.63	1566	5
0.64	1573.2	5
0.64	1580.4	5
0.64	1591.2	5
0.64	1598.4	5
0.64	1605.6	5
0.64	1612.8	5
0.64	1620	5
0.65	1627.2	5
0.65	1634.4	5
0.65	1641.6	5
0.65	1648.8	5
0.65	1656	5
0.65	1663.2	5
0.66	1670.4	5
0.66	1681.2	5
0.66	1688.4	5
0.66	1695.6	5
0.66	1702.8	5
0.66	1710	5
0.67	1717.2	5
0.67	1724.4	5
0.67	1731.6	5
0.67	1742.4	5
0.67	1749.6	5
0.67	1756.8	5
0.68	1764	5
0.68	1771.2	5
0.68	1778.4	5
0.68	1785.6	5
0.68	1792.8	5
0.68	1803.6	5
0.68	1810.8	5
0.69	1818	5
0.69	1825.2	5
0.69	1832.4	5
0.69	1839.6	5
0.69	1850.4	5
0.69	1857.6	5
0.7	1864.8	5
0.7	1872	5
0.7	1879.2	5
0.7	1890	5
0.7	1897.2	5
0.7	1904.4	5
0.71	1911.6	5
0.71	1922.4	5
0.71	1929.6	5
0.71	1936.8	5
0.71	1944	5
0.71	1951.2	5
0.72	1962	5
0.72	1969.2	5
0.72	1976.4	5
0.72	1983.6	5
0.72	1994.4	5
0.72	2001.6	5
0.72	2008.8	5
0.73	2016	5
0.73	2026.8	5
0.73	2034	5
0.73	2041.2	5
0.73	2048.4	5
0.73	2059.2	5
0.74	2066.4	5
0.74	2073.6	5
0.74	2080.8	5
0.74	2091.6	5
0.74	2098.8	5
0.74	2106	5
0.75	2113.2	5
0.75	2120.4	5
0.75	2131.2	5
0.75	2138.4	5
0.75	2145.6	5
0.75	2152.8	5
0.76	2163.6	5
0.76	2170.8	5
0.76	2178	5
0.76	2185.2	5
0.76	2196	5
0.76	2203.2	5
0.76	2210.4	5
0.77	2217.6	5
0.77	2228.4	5
0.77	2235.6	5
0.77	2242.8	5
0.77	2250	5
0.77	2260.8	5
0.78	2268	5
0.78	2275.2	5
0.78	2282.4	5
0.78	2293.2	5
0.78	2300.4	5
0.78	2307.6	5
0.79	2318.4	5
0.79	2325.6	5
0.79	2332.8	5
0.79	2340	5
0.79	2350.8	5
0.79	2358	5
0.79	2365.2	5
0.8	2376	5
0.8	2383.2	5
0.8	2390.4	5
0.8	2401.2	5
0.8	2408.4	5
0.8	2415.6	5
0.81	2422.8	5
0.81	2433.6	5
0.81	2440.8	5
0.81	2448	5
0.81	2458.8	5
0.81	2466	5
0.82	2473.2	5
0.82	2484	5
0.82	2491.2	5
0.82	2498.4	5
0.82	2509.2	5
0.82	2516.4	5
0.83	2523.6	5
0.83	2534.4	5
0.83	2541.6	5
0.83	2548.8	5
0.83	2559.6	5
0.83	2566.8	5
0.83	2574	5
0.84	2584.8	5
0.84	2592	5
0.84	2602.8	5
0.84	2610	5
0.84	2617.2	5
0.84	2628	5
0.85	2635.2	5
0.85	2642.4	5
0.85	2653.2	5
0.85	2660.4	5
0.85	2671.2	5
0.85	2678.4	5
0.86	2689.2	5
0.86	2696.4	5
0.86	2703.6	5
0.86	2714.4	5
0.86	2721.6	5
0.86	2732.4	5
0.87	2739.6	5
0.87	2746.8	5
0.87	2757.6	5
0.87	2764.8	5
0.87	2775.6	5
0.87	2782.8	5
0.88	2790	5
0.88	2800.8	5
0.88	2808	5
0.88	2818.8	5
0.88	2826	5
0.88	2833.2	5
0.89	2844	5
0.89	2851.2	5
0.89	2862	5
0.89	2869.2	5
0.89	2876.4	5
0.89	2887.2	5
0.89	2894.4	5
0.9	2905.2	5
0.9	2912.4	5
0.9	2919.6	5
0.9	2930.4	5
0.9	2937.6	5
0.9	2948.4	5
0.91	2955.6	5
0.91	2962.8	5
0.91	2973.6	5
0.91	2980.8	5
0.91	2988	5
0.91	2998.8	5
0.92	3006	5
0.92	3016.8	5
0.92	3024	5
0.92	3034.8	5
0.92	3042	5
0.92	3052.8	5
0.93	3060	5
0.93	3067.2	5
0.93	3078	5
0.93	3085.2	5
0.93	3096	5
0.93	3103.2	5
0.94	3114	5
0.94	3121.2	5
0.94	3128.4	5
0.94	3139.2	5
0.94	3146.4	5
0.94	3157.2	5
0.94	3164.4	5
0.95	3175.2	5
0.95	3182.4	5
0.95	3189.6	5
0.95	3200.4	5
0.95	3207.6	5
0.95	3218.4	5
0.96	3225.6	5
0.96	3236.4	5
0.96	3243.6	5
0.96	3254.4	5
0.96	3261.6	5
0.96	3272.4	5
0.97	3279.6	5
0.97	3286.8	5
0.97	3297.6	5
0.97	3304.8	5
0.97	3315.6	5
0.97	3322.8	5
0.98	3333.6	5
0.98	3340.8	5
0.98	3351.6	5
0.98	3358.8	5
0.98	3369.6	5
0.98	3376.8	5
0.99	3387.6	5
0.99	3394.8	5
0.99	3405.6	5
0.99	3412.8	5
0.99	3423.6	5
0.99	3430.8	5
0.99	3441.6	5
1	3448.8	5
1	3459.6	5
1	3466.8	5
1	3477.6	5
1	3484.8	5
1	3495.6	5
1.01	3502.8	5
1.01	3513.6	5
1.01	3520.8	5
1.01	3531.6	5
1.01	3538.8	5
1.01	3549.6	5
1.02	3556.8	5
1.02	3564	5
1.02	3574.8	5
1.02	3582	5
1.02	3592.8	5
1.02	3600	5
1.03	3610.8	5
1.03	3618	5
1.03	3628.8	5
1.03	3636	5
1.03	3646.8	5
1.03	3654	5
1.04	3664.8	5
1.04	3672	5
1.04	3682.8	5
1.04	3690	5
1.04	3700.8	5
1.04	3708	5
1.04	3718.8	5
1.05	3726	5
1.05	3736.8	5
1.05	3744	5
1.05	3754.8	5
1.05	3762	5
1.05	3772.8	5
1.06	3780	5
1.06	3790.8	5
1.06	3798	5
1.06	3808.8	5
1.06	3816	5
1.06	3826.8	5
1.07	3834	5
1.07	3844.8	5
1.07	3852	5
1.07	3862.8	5
1.07	3870	5
1.07	3880.8	5
1.08	3888	5
1.08	3898.8	5
1.08	3906	5
1.08	3916.8	5
1.08	3924	5
1.08	3934.8	5
1.09	3942	5
1.09	3952.8	5
1.09	3960	5
1.09	3970.8	5
1.09	3978	5
1.09	3988.8	5
1.09	3996	5
1.1	4006.8	5
1.1	4014	5
1.1	4024.8	5
1.1	4035.6	5
1.1	4042.8	5
1.1	4053.6	5
1.11	4060.8	5
1.11	4071.6	5
1.11	4078.8	5
1.11	4089.6	5
1.11	4096.8	5
1.11	4107.6	5
1.12	4118.4	5
1.12	4125.6	5
1.12	4136.4	5
1.12	4143.6	5
1.12	4154.4	5
1.12	4161.6	5
1.13	4172.4	5
1.13	4179.6	5
1.13	4190.4	5
1.13	4201.2	5
1.13	4208.4	5
1.13	4219.2	5
1.14	4226.4	5
1.14	4237.2	5
1.14	4244.4	5
1.14	4255.2	5
1.14	4262.4	5
1.14	4273.2	5
1.15	4280.4	5
1.15	4291.2	5
1.15	4298.4	5
1.15	4309.2	5
1.15	4316.4	5
1.15	4327.2	5
1.15	4334.4	5
1.16	4345.2	5
1.16	4356	5
1.16	4363.2	5
1.16	4374	5
1.16	4381.2	5
1.16	4392	5
1.17	4399.2	5
1.17	4410	5
1.17	4417.2	5
1.17	4428	5
1.17	4435.2	5
1.17	4446	5
1.18	4453.2	5
1.18	4464	5
1.18	4471.2	5
1.18	4482	5
1.18	4492.8	5
1.18	4500	5
1.19	4510.8	5
1.19	4518	5
1.19	4528.8	5
1.19	4536	5
1.19	4546.8	5
1.19	4554	5
1.2	4564.8	5
1.2	4572	5
1.2	4582.8	5
1.2	4593.6	5
1.2	4600.8	5
1.2	4611.6	5
1.2	4618.8	5
1.21	4629.6	5
1.21	4636.8	5
1.21	4647.6	5
1.21	4658.4	5
1.21	4665.6	5
1.21	4676.4	5
1.22	4683.6	5
1.22	4694.4	5
1.22	4701.6	5
1.22	4712.4	5
1.22	4719.6	5
1.22	4730.4	5
1.23	4741.2	5
1.23	4748.4	5
1.23	4759.2	5
1.23	4766.4	5
1.23	4777.2	5
1.23	4788	5
1.24	4795.2	5
1.24	4806	5
1.24	4813.2	5
1.24	4824	5
1.24	4834.8	5
1.24	4842	5
1.25	4852.8	5
1.25	4860	5
1.25	4870.8	5
1.25	4878	5
1.25	4888.8	5
1.25	4899.6	5
1.25	4906.8	5
1.26	4917.6	5
1.26	4924.8	5
1.26	4935.6	5
1.26	4946.4	5
1.26	4953.6	5
1.26	4964.4	5
1.27	4971.6	5
1.27	4982.4	5
1.27	4989.6	5
1.27	5000.4	5
1.27	5007.6	5
1.27	5018.4	5
1.28	5029.2	5
1.28	5036.4	5
1.28	5047.2	5
1.28	5054.4	5
1.28	5065.2	5
1.28	5072.4	5
1.29	5083.2	5
1.29	5094	5
1.29	5101.2	5
1.29	5112	5
1.29	5119.2	5
1.29	5130	5
1.3	5137.2	5
1.3	5148	5
1.3	5155.2	5
1.3	5166	5
1.3	5176.8	5
1.3	5184	5
1.3	5194.8	5
1.31	5202	5
1.31	5212.8	5
1.31	5223.6	5
1.31	5230.8	5
1.31	5241.6	5
1.31	5248.8	5
1.32	5259.6	5
1.32	5266.8	5
1.32	5277.6	5
1.32	5288.4	5
1.32	5295.6	5
1.32	5306.4	5
1.33	5313.6	5
1.33	5324.4	5
1.33	5335.2	5
1.33	5342.4	5
1.33	5353.2	5
1.33	5360.4	5
1.34	5371.2	5
1.34	5382	5
1.34	5389.2	5
1.34	5400	5
1.34	5407.2	5
1.34	5418	5
1.35	5428.8	5
1.35	5436	5
1.35	5446.8	5
1.35	5454	5
1.35	5464.8	5
1.35	5475.6	5
1.35	5482.8	5
1.36	5493.6	5
1.36	5500.8	5
1.36	5511.6	5
1.36	5522.4	5
1.36	5529.6	5
1.36	5540.4	5
1.37	5551.2	5
1.37	5558.4	5
1.37	5569.2	5
1.37	5576.4	5
1.37	5587.2	5
1.37	5598	5
1.38	5605.2	5
1.38	5616	5
1.38	5626.8	5
1.38	5634	5
1.38	5644.8	5
1.38	5652	5
1.39	5662.8	5
1.39	5673.6	5
1.39	5680.8	5
1.39	5691.6	5
1.39	5698.8	5
1.39	5709.6	5
1.4	5716.8	5
1.4	5727.6	5
1.4	5738.4	5
1.4	5745.6	5
1.4	5756.4	5
1.4	5767.2	5
1.41	5774.4	5
1.41	5785.2	5
1.41	5792.4	5
1.41	5803.2	5
1.41	5810.4	5
1.41	5821.2	5
1.41	5832	5
1.42	5839.2	5
1.42	5850	5
1.42	5857.2	5
1.42	5868	5
1.42	5875.2	5
1.42	5886	5
1.43	5896.8	5
1.43	5904	5
1.43	5914.8	5
1.43	5925.6	5
1.43	5932.8	5
1.43	5943.6	5
1.44	5950.8	5
1.44	5961.6	5
1.44	5972.4	5
1.44	5979.6	5
1.44	5990.4	5
1.44	5997.6	5
1.45	6008.4	5
1.45	6019.2	5
1.45	6026.4	5
1.45	6037.2	5
1.45	6048	5
1.45	6055.2	5
1.46	6066	5
1.46	6073.2	5
1.46	6084	5
1.46	6094.8	5
1.46	6102	5
1.46	6112.8	5
1.46	6120	5
1.47	6130.8	5
1.47	6141.6	5
1.47	6148.8	5
1.47	6159.6	5
1.47	6166.8	5
1.47	6177.6	5
1.48	6188.4	5
1.48	6195.6	5
1.48	6206.4	5
1.48	6217.2	5
1.48	6224.4	5
1.48	6235.2	5
1.49	6246	5
1.49	6253.2	5
1.49	6264	5
1.49	6271.2	5
1.49	6282	5
1.49	6292.8	5
1.5	6300	5
1.5	6310.8	5
1.5	6321.6	5
1.5	6328.8	5
1.5	6339.6	5
1.5	6350.4	5
1.51	6357.6	5
1.51	6368.4	5
1.51	6375.6	5
1.51	6386.4	5
1.51	6397.2	5
1.51	6404.4	5
1.51	6415.2	5
1.52	6426	5
1.52	6433.2	5
1.52	6444	5
1.52	6451.2	5
1.52	6462	5
1.52	6472.8	5
1.53	6480	5
1.53	6490.8	5
1.53	6498	5
1.53	6508.8	5
1.53	6519.6	5
1.53	6526.8	5
1.54	6537.6	5
1.54	6544.8	5
1.54	6555.6	5
1.54	6566.4	5
1.54	6573.6	5
1.54	6584.4	5
1.55	6595.2	5
1.55	6602.4	5
1.55	6613.2	5
1.55	6620.4	5
1.55	6631.2	5
1.55	6642	5
1.56	6649.2	5
1.56	6660	5
1.56	6670.8	5
1.56	6678	5
1.56	6688.8	5
1.56	6696	5
1.56	6706.8	5
1.57	6717.6	5
1.57	6724.8	5
1.57	6735.6	5
1.57	6746.4	5
1.57	6753.6	5
1.57	6764.4	5
1.58	6771.6	5
1.58	6782.4	5
1.58	6793.2	5
1.58	6800.4	5
1.58	6811.2	5
1.58	6822	5
1.59	6829.2	5
1.59	6840	5
1.59	6850.8	5
1.59	6861.6	5
1.59	6868.8	5
1.59	6879.6	5
1.6	6890.4	5
1.6	6901.2	5
1.6	6912	5
1.6	6919.2	5
1.6	6930	5
1.6	6940.8	5
1.61	6951.6	5
1.61	6962.4	5
1.61	6969.6	5
1.61	6980.4	5
1.61	6991.2	5
1.61	7002	5
1.62	7012.8	5
1.62	7020	5
1.62	7030.8	5
1.62	7041.6	5
1.62	7052.4	5
1.63	7063.2	5
1.63	7070.4	5
1.63	7081.2	5
1.63	7092	5
1.63	7102.8	5
1.63	7113.6	5
1.64	7120.8	5
1.64	7131.6	5
1.64	7142.4	5
1.64	7153.2	5
1.64	7160.4	5
1.64	7171.2	5
1.65	7182	5
1.65	7192.8	5
1.65	7203.6	5
1.65	7210.8	5
1.65	7221.6	5
1.65	7232.4	5
1.66	7243.2	5
1.66	7250.4	5
1.66	7261.2	5
1.66	7272	5
1.66	7282.8	5
1.66	7290	5
1.67	7300.8	5
1.67	7311.6	5
1.67	7322.4	5
1.67	7329.6	5
1.67	7340.4	5
1.67	7351.2	5
1.68	7362	5
1.68	7372.8	5
1.68	7380	5
1.68	7390.8	5
1.68	7401.6	5
1.68	7412.4	5
1.69	7423.2	5
1.69	7430.4	5
1.69	7441.2	5
1.69	7452	5
1.69	7462.8	5
1.69	7473.6	5
1.7	7480.8	5
1.7	7491.6	5
1.7	7502.4	5
1.7	7513.2	5
1.7	7520.4	5
1.7	7531.2	5
1.71	7542	5
1.71	7552.8	5
1.71	7563.6	5
1.71	7570.8	5
1.71	7581.6	5
1.72	7592.4	5
1.72	7603.2	5
1.72	7614	5
1.72	7621.2	5
1.72	7632	5
1.72	7642.8	5
1.73	7653.6	5
1.73	7664.4	5
1.73	7671.6	5
1.73	7682.4	5
1.73	7693.2	5
1.73	7704	5
1.74	7714.8	5
1.74	7725.6	5
1.74	7732.8	5
1.74	7743.6	5
1.74	7754.4	5
1.74	7765.2	5
1.75	7776	5
1.75	7783.2	5
1.75	7794	5
1.75	7804.8	5
1.75	7815.6	5
1.75	7826.4	5
1.76	7833.6	5
1.76	7844.4	5
1.76	7855.2	5
1.76	7866	5
1.76	7876.8	5
1.76	7884	5
1.77	7894.8	5
1.77	7905.6	5
1.77	7916.4	5
1.77	7927.2	5
1.77	7934.4	5
1.77	7945.2	5
1.78	7956	5
1.78	7966.8	5
1.78	7974	5
1.78	7984.8	5
1.78	7995.6	5
1.78	8006.4	5
1.79	8013.6	5
1.79	8024.4	5
1.79	8035.2	5
1.79	8046	5
1.79	8056.8	5
1.8	8064	5
1.8	8074.8	5
1.8	8085.6	5
1.8	8096.4	5
1.8	8107.2	5
1.8	8114.4	5
1.81	8125.2	5
1.81	8136	5
1.81	8146.8	5
1.81	8157.6	5
1.81	8164.8	5
1.81	8175.6	5
1.82	8186.4	5
1.82	8197.2	5
1.82	8208	5
1.82	8215.2	5
1.82	8226	5
1.82	8236.8	5
1.83	8247.6	5
1.83	8258.4	5
1.83	8265.6	5
1.83	8276.4	5
1.83	8287.2	5
1.83	8298	5
1.84	8308.8	5
1.84	8316	5
1.84	8326.8	5
1.84	8337.6	5
1.84	8348.4	5
1.84	8359.2	5
1.85	8366.4	5
1.85	8377.2	5
1.85	8388	5
1.85	8398.8	5
1.85	8409.6	5
1.85	8420.4	5
1.86	8431.2	5
1.86	8438.4	5
1.86	8449.2	5
1.86	8460	5
1.86	8470.8	5
1.86	8481.6	5
1.87	8488.8	5
1.87	8499.6	5
1.87	8510.4	5
1.87	8521.2	5
1.87	8532	5
1.87	8542.8	5
1.88	8550	5
1.88	8560.8	5
1.88	8571.6	5
1.88	8582.4	5
1.88	8589.6	5
1.89	8600.4	5
1.89	8611.2	5
1.89	8622	5
1.89	8632.8	5
1.89	8643.6	5
1.89	8650.8	5
1.9	8661.6	5
1.9	8672.4	5
1.9	8683.2	5
1.9	8690.4	5
1.9	8701.2	5
1.9	8712	5
1.91	8722.8	5
1.91	8733.6	5
1.91	8740.8	5
1.91	8751.6	5
1.91	8762.4	5
1.91	8773.2	5
1.92	8784	5
1.92	8791.2	5
1.92	8802	5
1.92	8812.8	5
1.92	8823.6	5
1.92	8834.4	5
1.93	8845.2	5
1.93	8852.4	5
1.93	8863.2	5
1.93	8874	5
1.93	8884.8	5
1.93	8895.6	5
1.94	8902.8	5
1.94	8913.6	5
1.94	8924.4	5
1.94	8935.2	5
1.94	8946	5
1.94	8956.8	5
1.95	8964	5
1.95	8974.8	5
1.95	8985.6	5
1.95	8996.4	5
1.95	9007.2	5
1.95	9014.4	5
1.96	9025.2	5
1.96	9036	5
1.96	9046.8	5
1.96	9057.6	5
1.96	9068.4	5
1.97	9075.6	5
1.97	9086.4	5
1.97	9097.2	5
1.97	9108	5
1.97	9118.8	5
1.97	9129.6	5
1.98	9136.8	5
1.98	9147.6	5
1.98	9158.4	5
1.98	9169.2	5
1.98	9180	5
1.98	9190.8	5
1.99	9198	5
1.99	9208.8	5
1.99	9219.6	5
1.99	9230.4	5
1.99	9241.2	5
1.99	9252	5
2	9259.2	5
2	9270	5
2	9280.8	5
2	9291.6	5
2	9302.4	5
2	9309.6	5
2.01	9320.4	5
2.01	9331.2	5
2.01	9342	5
2.01	9352.8	5
2.01	9360	5
2.01	9370.8	5
2.02	9381.6	5
2.02	9392.4	5
2.02	9403.2	5
2.02	9410.4	5
2.02	9421.2	5
2.02	9432	5
2.03	9442.8	5
2.03	9453.6	5
2.03	9460.8	5
2.03	9471.6	5
2.03	9482.4	5
2.03	9493.2	5
2.04	9504	5
2.04	9511.2	5
2.04	9522	5
2.04	9532.8	5
2.04	9543.6	5
2.04	9554.4	5
2.05	9561.6	5
2.05	9572.4	5
2.05	9583.2	5
2.05	9594	5
2.05	9604.8	5
2.06	9615.6	5
2.06	9622.8	5
2.06	9633.6	5
2.06	9644.4	5
2.06	9655.2	5
2.06	9666	5
2.07	9673.2	5
2.07	9684	5
2.07	9694.8	5
2.07	9705.6	5
2.07	9716.4	5
2.07	9727.2	5
2.08	9734.4	5
2.08	9745.2	5
2.08	9756	5
2.08	9766.8	5
2.08	9777.6	5
2.08	9788.4	5
2.09	9795.6	5
2.09	9806.4	5
2.09	9817.2	5
2.09	9828	5
2.09	9838.8	5
2.09	9849.6	5
2.1	9856.8	5
2.1	9867.6	5
2.1	9878.4	5
2.1	9889.2	5
2.1	9900	5
2.1	9910.8	5
2.11	9921.6	5
2.11	9928.8	5
2.11	9939.6	5
2.11	9950.4	5
2.11	9961.2	5
2.11	9972	5
2.12	9982.8	5
2.12	9990	5
2.12	10000.8	5
2.12	10011.6	5
2.12	10022.4	5
2.13	10033.2	5
2.13	10044	5
2.13	10054.8	5
2.13	10065.6	5
2.13	10076.4	5
2.13	10087.2	5
2.14	10098	5
2.14	10108.8	5
2.14	10119.6	5
2.14	10130.4	5
2.14	10141.2	5
2.14	10148.4	5
2.15	10159.2	5
2.15	10170	5
2.15	10180.8	5
2.15	10191.6	5
2.15	10202.4	5
2.16	10213.2	5
2.16	10224	5
2.16	10234.8	5
2.16	10245.6	5
2.16	10256.4	5
2.16	10267.2	5
2.17	10278	5
2.17	10288.8	5
2.17	10299.6	5
2.17	10310.4	5
2.17	10321.2	5
2.18	10332	5
2.18	10342.8	5
2.18	10353.6	5
2.18	10364.4	5
2.18	10375.2	5
2.18	10386	5
2.19	10396.8	5
2.19	10407.6	5
2.19	10418.4	5
2.19	10429.2	5
2.19	10440	5
2.19	10450.8	5
2.2	10458	5
2.2	10468.8	5
2.2	10479.6	5
2.2	10490.4	5
2.2	10501.2	5
2.21	10512	5
2.21	10522.8	5
2.21	10533.6	5
2.21	10544.4	5
2.21	10555.2	5
2.21	10566	5
2.22	10576.8	5
2.22	10587.6	5
2.22	10598.4	5
2.22	10609.2	5
2.22	10620	5
2.23	10630.8	5
2.23	10641.6	5
2.23	10652.4	5
2.23	10663.2	5
2.23	10674	5
2.23	10684.8	5
2.24	10695.6	5
2.24	10706.4	5
2.24	10717.2	5
2.24	10728	5
2.24	10738.8	5
2.24	10749.6	5
2.25	10760.4	5
2.25	10771.2	5
2.25	10782	5
2.25	10792.8	5
2.25	10803.6	5
2.26	10814.4	5
2.26	10825.2	5
2.26	10836	5
2.26	10846.8	5
2.26	10857.6	5
2.26	10868.4	5
2.27	10879.2	5
2.27	10886.4	5
2.27	10897.2	5
2.27	10908	5
2.27	10918.8	5
2.28	10929.6	5
2.28	10940.4	5
2.28	10951.2	5
2.28	10962	5
2.28	10972.8	5
2.28	10983.6	5
2.29	10994.4	5
2.29	11005.2	5
2.29	11016	5
2.29	11026.8	5
2.29	11037.6	5
2.29	11048.4	5
2.3	11059.2	5
2.3	11070	5
2.3	11080.8	5
2.3	11091.6	5
2.3	11102.4	5
2.31	11113.2	5
2.31	11124	5
2.31	11134.8	5
2.31	11145.6	5
2.31	11156.4	5
2.31	11167.2	5
2.32	11178	5
2.32	11188.8	5
2.32	11199.6	5
2.32	11210.4	5
2.32	11221.2	5
2.32	11232	5
2.33	11242.8	5
2.33	11253.6	5
2.33	11264.4	5
2.33	11275.2	5
2.33	11282.4	5
2.34	11296.8	5
2.34	11307.6	5
2.34	11318.4	5
2.34	11329.2	5
2.34	11336.4	5
2.34	11347.2	5
2.35	11361.6	5
2.35	11368.8	5
2.35	11379.6	5
2.35	11394	5
2.35	11401.2	5
2.36	11412	5
2.36	11422.8	5
2.36	11433.6	5
2.36	11444.4	5
2.36	11455.2	5
2.36	11466	5
2.37	11476.8	5
2.37	11487.6	5
2.37	11498.4	5
2.37	11509.2	5
2.37	11520	5
2.37	11530.8	5
2.38	11541.6	5
2.38	11552.4	5
2.38	11563.2	5
2.38	11574	5
2.38	11584.8	5
2.39	11595.6	5
2.39	11606.4	5
2.39	11617.2	5
2.39	11628	5
2.39	11635.2	5
2.39	11649.6	5
2.4	11656.8	5
2.4	11667.6	5
2.4	11678.4	5
2.4	11689.2	5
2.4	11700	5
2.41	11710.8	5
2.41	11721.6	5
2.41	11732.4	5
2.41	11743.2	5
2.41	11754	5
2.41	11764.8	5
2.42	11775.6	5
2.42	11786.4	5
2.42	11797.2	5
2.42	11808	5
2.42	11818.8	5
2.42	11829.6	5
2.43	11840.4	5
2.43	11851.2	5
2.43	11862	5
2.43	11872.8	5
2.43	11883.6	5
2.44	11894.4	5
2.44	11905.2	5
2.44	11916	5
2.44	11926.8	5
2.44	11937.6	5
2.44	11948.4	5
2.45	11959.2	5
2.45	11970	5
2.45	11980.8	5
2.45	11991.6	5
2.45	12002.4	5
2.46	12013.2	5
2.46	12024	5
2.46	12034.8	5
2.46	12045.6	5
2.46	12056.4	5
2.46	12067.2	5
2.47	12078	5
2.47	12088.8	5
2.47	12099.6	5
2.47	12110.4	5
2.47	12121.2	5
2.47	12132	5
2.48	12142.8	5
2.48	12153.6	5
2.48	12164.4	5
2.48	12175.2	5
2.48	12186	5
2.49	12196.8	5
2.49	12207.6	5
2.49	12218.4	5
2.49	12229.2	5
2.49	12240	5
2.49	12250.8	5
2.5	12261.6	5
2.5	12272.4	5
2.5	12279.6	5
2.5	12290.4	5
2.5	12301.2	5
2.51	12312	5
2.51	12322.8	5
2.51	12333.6	5
2.51	12344.4	5
2.51	12355.2	5
2.51	12366	5
2.52	12376.8	5
2.52	12387.6	5
2.52	12398.4	5
2.52	12409.2	5
2.52	12420	5
2.52	12430.8	5
2.53	12441.6	5
2.53	12452.4	5
2.53	12463.2	5
2.53	12474	5
2.53	12484.8	5
2.54	12495.6	5
2.54	12506.4	5
2.54	12517.2	5
2.54	12528	5
2.54	12538.8	5
2.54	12549.6	5
2.55	12560.4	5
2.55	12571.2	5
2.55	12582	5
2.55	12592.8	5
2.55	12603.6	5
2.56	12614.4	5
2.56	12625.2	5
2.56	12636	5
2.56	12646.8	5
2.56	12657.6	5
2.56	12668.4	5
2.57	12679.2	5
2.57	12690	5
2.57	12700.8	5
2.57	12711.6	5
2.57	12722.4	5
2.57	12733.2	5
2.58	12744	5
2.58	12754.8	5
2.58	12765.6	5
2.58	12776.4	5
2.58	12787.2	5
2.59	12798	5
2.59	12808.8	5
2.59	12819.6	5
2.59	12830.4	5
2.59	12841.2	5
2.59	12852	5
2.6	12862.8	5
2.6	12873.6	5
2.6	12884.4	5
2.6	12895.2	5
2.6	12902.4	5
2.61	12913.2	5
2.61	12924	5
2.61	12934.8	5
2.61	12945.6	5
2.61	12956.4	5
2.61	12967.2	5
2.62	12978	5
2.62	12988.8	5
2.62	12999.6	5
2.62	13010.4	5
2.62	13021.2	5
2.62	13032	5
2.63	13042.8	5
2.63	13053.6	5
2.63	13064.4	5
2.63	13075.2	5
2.63	13086	5
2.64	13096.8	5
2.64	13107.6	5
2.64	13118.4	5
2.64	13129.2	5
2.64	13140	5
2.64	13150.8	5
2.65	13161.6	5
2.65	13172.4	5
2.65	13183.2	5
2.65	13194	5
2.65	13204.8	5
2.66	13215.6	5
2.66	13226.4	5
2.66	13237.2	5
2.66	13248	5
2.66	13258.8	5
2.66	13266	5
2.67	13276.8	5
2.67	13287.6	5
2.67	13298.4	5
2.67	13309.2	5
2.67	13320	5
2.67	13330.8	5
2.68	13341.6	5
2.68	13352.4	5
2.68	13363.2	5
2.68	13374	5
2.68	13384.8	5
2.69	13395.6	5
2.69	13406.4	5
2.69	13417.2	5
2.69	13428	5
2.69	13438.8	5
2.69	13449.6	5
2.7	13464	5
2.7	13471.2	5
2.7	13485.6	5
2.7	13496.4	5
2.7	13507.2	5
2.71	13514.4	5
2.71	13528.8	5
2.71	13539.6	5
2.71	13550.4	5
2.71	13561.2	5
2.71	13572	5
2.72	13582.8	5
2.72	13593.6	5
2.72	13604.4	5
2.72	13615.2	5
2.72	13626	5
2.72	13633.2	5
2.73	13644	5
2.73	13654.8	5
2.73	13665.6	5
2.73	13676.4	5
2.73	13687.2	5
2.74	13698	5
2.74	13708.8	5
2.74	13719.6	5
2.74	13730.4	5
2.74	13741.2	5
2.74	13752	5
2.75	13762.8	5
2.75	13773.6	5
2.75	13784.4	5
2.75	13795.2	5
2.75	13806	5
2.76	13816.8	5
2.76	13827.6	5
2.76	13838.4	5
2.76	13849.2	5
2.76	13860	5
2.76	13870.8	5
2.77	13881.6	5
2.77	13892.4	5
2.77	13903.2	5
2.77	13914	5
2.77	13924.8	5
2.77	13935.6	5
2.78	13946.4	5
2.78	13957.2	5
2.78	13968	5
2.78	13978.8	5
2.78	13989.6	5
2.79	14000.4	5
2.79	14011.2	5
2.79	14022	5
2.79	14032.8	5
2.79	14043.6	5
2.79	14054.4	5
2.8	14065.2	5
2.8	14076	5
2.8	14086.8	5
2.8	14097.6	5
2.8	14108.4	5
2.81	14119.2	5
2.81	14130	5
2.81	14140.8	5
2.81	14151.6	5
2.81	14162.4	5
2.81	14173.2	5
2.82	14184	5
2.82	14194.8	5
2.82	14205.6	5
2.82	14216.4	5
2.82	14227.2	5
2.82	14238	5
2.83	14248.8	5
2.83	14259.6	5
2.83	14270.4	5
2.83	14281.2	5
2.83	14292	5
2.84	14302.8	5
2.84	14313.6	5
2.84	14324.4	5
2.84	14335.2	5
2.84	14346	5
2.84	14356.8	5
2.85	14367.6	5
2.85	14378.4	5
2.85	14389.2	5
2.85	14400	5
2.85	14410.8	5
2.86	14421.6	5
2.86	14432.4	5
2.86	14443.2	5
2.86	14454	5
2.86	14464.8	5
2.86	14475.6	5
2.87	14486.4	5
2.87	14493.6	5
2.87	14504.4	5
2.87	14515.2	5
2.87	14526	5
2.87	14536.8	5
2.88	14547.6	5
2.88	14558.4	5
2.88	14569.2	5
2.88	14580	5
2.88	14590.8	5
2.89	14601.6	5
2.89	14612.4	5
2.89	14623.2	5
2.89	14634	5
2.89	14644.8	5
2.89	14655.6	5
2.9	14666.4	5
2.9	14677.2	5
2.9	14688	5
2.9	14698.8	5
2.9	14709.6	5
2.91	14720.4	5
2.91	14731.2	5
2.91	14742	5
2.91	14752.8	5
2.91	14763.6	5
2.91	14774.4	5
2.92	14785.2	5
2.92	14796	5
2.92	14806.8	5
2.92	14817.6	5
2.92	14828.4	5
2.92	14839.2	5
2.93	14850	5
2.93	14860.8	5
2.93	14871.6	5
2.93	14882.4	5
2.93	14893.2	5
2.94	14904	5
2.94	14914.8	5
2.94	14925.6	5
2.94	14936.4	5
2.94	14947.2	5
2.94	14958	5
2.95	14968.8	5
2.95	14979.6	5
2.95	14990.4	5
2.95	15001.2	5
2.95	15012	5
2.96	15022.8	5
2.96	15033.6	5
2.96	15044.4	5
2.96	15055.2	5
2.96	15066	5
2.96	15076.8	5
2.97	15087.6	5
2.97	15098.4	5
2.97	15109.2	5
2.97	15120	5
2.97	15130.8	5
2.97	15141.6	5
2.98	15152.4	5
2.98	15163.2	5
2.98	15174	5
2.98	15184.8	5
2.98	15195.6	5
2.99	15206.4	5
2.99	15217.2	5
2.99	15228	5
2.99	15238.8	5
2.99	15249.6	5
2.99	15260.4	5
3	15271.2	5
3	15278.4	5
3	15292.8	5
3	15303.6	5
3	15314.4	5
3.01	15321.6	5
3.01	15336	5
3.01	15346.8	5
3.01	15354	5
3.01	15364.8	5
3.01	15375.6	5
3.02	15386.4	5
3.02	15397.2	5
3.02	15408	5
3.02	15418.8	5
3.02	15429.6	5
3.02	15440.4	5
3.03	15451.2	5
3.03	15462	5
3.03	15472.8	5
3.03	15483.6	5
3.03	15494.4	5
3.04	15505.2	5
3.04	15516	5
3.04	15526.8	5
3.04	15537.6	5
3.04	15548.4	5
3.04	15559.2	5
3.05	15570	5
3.05	15580.8	5
3.05	15591.6	5
3.05	15602.4	5
3.05	15613.2	5
3.06	15624	5
3.06	15634.8	5
3.06	15645.6	5
3.06	15656.4	5
3.06	15667.2	5
3.06	15678	5
3.07	15688.8	5
3.07	15699.6	5
3.07	15710.4	5
3.07	15721.2	5
3.07	15732	5
3.07	15742.8	5
3.08	15753.6	5
3.08	15764.4	5
3.08	15775.2	5
3.08	15786	5
3.08	15796.8	5
3.09	15807.6	5
3.09	15818.4	5
3.09	15829.2	5
3.09	15840	5
3.09	15850.8	5
3.09	15861.6	5
3.1	15872.4	5
3.1	15883.2	5
3.1	15894	5
3.1	15904.8	5
3.1	15915.6	5
3.11	15926.4	5
3.11	15937.2	5
3.11	15948	5
3.11	15958.8	5
3.11	15969.6	5
3.11	15980.4	5
3.12	15991.2	5
3.12	16002	5
3.12	16012.8	5
3.12	16023.6	5
3.12	16034.4	5
3.12	16041.6	5
3.13	16056	5
3.13	16066.8	5
3.13	16074	5
3.13	16084.8	5
3.13	16095.6	5
3.14	16106.4	5
3.14	16117.2	5
3.14	16128	5
3.14	16138.8	5
3.14	16149.6	5
3.14	16160.4	5
3.15	16171.2	5
3.15	16182	5
3.15	16192.8	5
3.15	16203.6	5
3.15	16214.4	5
3.16	16225.2	5
3.16	16236	5
3.16	16246.8	5
3.16	16257.6	5
3.16	16268.4	5
3.16	16279.2	5
3.17	16290	5
3.17	16300.8	5
3.17	16311.6	5
3.17	16322.4	5
3.17	16333.2	5
3.17	16344	5
3.18	16354.8	5
3.18	16365.6	5
3.18	16376.4	5
3.18	16387.2	5
3.18	16398	5
3.19	16408.8	5
3.19	16419.6	5
3.19	16430.4	5
3.19	16441.2	5
3.19	16452	5
3.19	16462.8	5
3.2	16473.6	5
3.2	16484.4	5
3.2	16495.2	5
3.2	16506	5
3.2	16516.8	5
3.2	16527.6	5
3.21	16538.4	5
3.21	16549.2	5
3.21	16560	5
3.21	16570.8	5
3.21	16581.6	5
3.22	16592.4	5
3.22	16603.2	5
3.22	16614	5
3.22	16624.8	5
3.22	16635.6	5
3.22	16646.4	5
3.23	16657.2	5
3.23	16668	5
3.23	16675.2	5
3.23	16689.6	5
3.23	16696.8	5
3.24	16707.6	5
3.24	16718.4	5
3.24	16729.2	5
3.24	16740	5
3.24	16750.8	5
3.24	16761.6	5
3.25	16772.4	5
3.25	16783.2	5
3.25	16794	5
3.25	16804.8	5
3.25	16815.6	5
3.25	16826.4	5
3.26	16837.2	5
3.26	16848	5
3.26	16858.8	5
3.26	16869.6	5
3.26	16880.4	5
3.27	16891.2	5
3.27	16902	5
3.27	16912.8	5
3.27	16923.6	5
3.27	16934.4	5
3.27	16945.2	5
3.28	16956	5
3.28	16966.8	5
3.28	16977.6	5
3.28	16988.4	5
3.28	16999.2	5
3.29	17010	5
3.29	17020.8	5
3.29	17031.6	5
3.29	17042.4	5
3.29	17053.2	5
3.29	17064	5
3.3	17074.8	5
3.3	17085.6	5
3.3	17096.4	5
3.3	17107.2	5
3.3	17118	5
3.3	17128.8	5
3.31	17139.6	5
3.31	17150.4	5
3.31	17161.2	5
3.31	17172	5
3.31	17182.8	5
3.32	17193.6	5
3.32	17204.4	5
3.32	17215.2	5
3.32	17226	5
3.32	17236.8	5
3.32	17247.6	5
3.33	17258.4	5
3.33	17269.2	5
3.33	17280	5
3.33	17290.8	5
3.33	17301.6	5
3.34	17312.4	5
3.34	17323.2	5
3.34	17334	5
3.34	17344.8	5
3.34	17355.6	5
3.34	17366.4	5
3.35	17373.6	5
3.35	17384.4	5
3.35	17395.2	5
3.35	17406	5
3.35	17416.8	5
3.35	17427.6	5
3.36	17438.4	5
3.36	17449.2	5
3.36	17460	5
3.36	17470.8	5
3.36	17481.6	5
3.37	17492.4	5
3.37	17503.2	5
3.37	17514	5
3.37	17524.8	5
3.37	17535.6	5
3.37	17546.4	5
3.38	17557.2	5
3.38	17568	5
3.38	17578.8	5
3.38	17589.6	5
3.38	17600.4	5
3.39	17611.2	5
3.39	17622	5
3.39	17632.8	5
3.39	17643.6	5
3.39	17654.4	5
3.39	17665.2	5
3.4	17676	5
3.4	17686.8	5
3.4	17697.6	5
3.4	17708.4	5
3.4	17719.2	5
3.4	17730	5
3.41	17740.8	5
3.41	17751.6	5
3.41	17762.4	5
3.41	17773.2	5
3.41	17784	5
3.42	17794.8	5
3.42	17805.6	5
3.42	17816.4	5
3.42	17827.2	5
3.42	17838	5
3.42	17848.8	5
3.43	17859.6	5
3.43	17870.4	5
3.43	17881.2	5
3.43	17892	5
3.43	17902.8	5
3.44	17913.6	5
3.44	17924.4	5
3.44	17935.2	5
3.44	17946	5
3.44	17956.8	5
3.44	17967.6	5
3.45	17978.4	5
3.45	17989.2	5
3.45	18000	5
3.45	18010.8	5
3.45	18021.6	5
3.45	18032.4	5
3.46	18043.2	5
3.46	18054	5
3.46	18064.8	5
3.46	18075.6	5
3.46	18086.4	5
3.47	18093.6	5
3.47	18104.4	5
3.47	18115.2	5
3.47	18126	5
3.47	18136.8	5
3.47	18147.6	5
3.48	18158.4	5
3.48	18169.2	5
3.48	18180	5
3.48	18190.8	5
3.48	18201.6	5
3.49	18212.4	5
3.49	18223.2	5
3.49	18234	5
3.49	18244.8	5
3.49	18255.6	5
3.49	18266.4	5
3.5	18277.2	5
3.5	18288	5
3.5	18298.8	5
3.5	18309.6	5
3.5	18320.4	5
3.5	18331.2	5
3.51	18342	5
3.51	18352.8	5
3.51	18363.6	5
3.51	18374.4	5
3.51	18385.2	5
3.52	18396	5
3.52	18406.8	5
3.52	18417.6	5
3.52	18428.4	5
3.52	18439.2	5
3.52	18450	5
3.53	18460.8	5
3.53	18471.6	5
3.53	18482.4	5
3.53	18493.2	5
3.53	18504	5
3.54	18514.8	5
3.54	18525.6	5
3.54	18536.4	5
3.54	18547.2	5
3.54	18558	5
3.54	18568.8	5
3.55	18579.6	5
3.55	18590.4	5
3.55	18601.2	5
3.55	18612	5
3.55	18622.8	5
3.55	18633.6	5
3.56	18644.4	5
3.56	18655.2	5
3.56	18666	5
3.56	18676.8	5
3.56	18687.6	5
3.57	18698.4	5
3.57	18709.2	5
3.57	18720	5
3.57	18730.8	5
3.57	18741.6	5
3.57	18752.4	5
3.58	18763.2	5
3.58	18774	5
3.58	18784.8	5
3.58	18792	5
3.58	18802.8	5
3.59	18813.6	5
3.59	18824.4	5
3.59	18835.2	5
3.59	18846	5
3.59	18856.8	5
3.59	18867.6	5
3.6	18878.4	5
3.6	18889.2	5
3.6	18900	5
3.6	18910.8	5
3.6	18921.6	5
3.6	18932.4	5
3.61	18943.2	5
3.61	18954	5
3.61	18964.8	5
3.61	18975.6	5
3.61	18986.4	5
3.62	18997.2	5
3.62	19008	5
3.62	19018.8	5
3.62	19029.6	5
3.62	19040.4	5
3.62	19051.2	5
3.63	19062	5
3.63	19072.8	5
3.63	19083.6	5
3.63	19094.4	5
3.63	19105.2	5
3.64	19116	5
3.64	19126.8	5
3.64	19137.6	5
3.64	19148.4	5
3.64	19159.2	5
3.64	19170	5
3.65	19180.8	5
3.65	19191.6	5
3.65	19202.4	5
3.65	19213.2	5
3.65	19224	5
3.65	19234.8	5
3.66	19245.6	5
3.66	19256.4	5
3.66	19267.2	5
3.66	19278	5
3.66	19288.8	5
3.67	19299.6	5
3.67	19310.4	5
3.67	19321.2	5
3.67	19332	5
3.67	19342.8	5
3.67	19353.6	5
3.68	19364.4	5
3.68	19375.2	5
3.68	19386	5
3.68	19396.8	5
3.68	19407.6	5
3.69	19418.4	5
3.69	19429.2	5
3.69	19440	5
3.69	19447.2	5
3.69	19458	5
3.69	19468.8	5
3.7	19479.6	5
3.7	19490.4	5
3.7	19501.2	5
3.7	19512	5
3.7	19522.8	5
3.7	19533.6	5
3.71	19544.4	5
3.71	19555.2	5
3.71	19566	5
3.71	19576.8	5
3.71	19587.6	5
3.72	19598.4	5
3.72	19609.2	5
3.72	19620	5
3.72	19630.8	5
3.72	19641.6	5
3.72	19652.4	5
3.73	19663.2	5
3.73	19674	5
3.73	19684.8	5
3.73	19695.6	5
3.73	19706.4	5
3.74	19717.2	5
3.74	19728	5
3.74	19738.8	5
3.74	19749.6	5
3.74	19760.4	5
3.74	19771.2	5
3.75	19782	5
3.75	19792.8	5
3.75	19803.6	5
3.75	19814.4	5
3.75	19825.2	5
3.75	19832.4	5
3.76	19843.2	5
3.76	19854	5
3.76	19864.8	5
3.76	19875.6	5
3.76	19886.4	5
3.77	19900.8	5
3.77	19908	5
3.77	19922.4	5
3.77	19929.6	5
3.77	19944	5
3.77	19954.8	5
3.78	19965.6	5
3.78	19976.4	5
3.78	19987.2	5
3.78	19994.4	5
3.78	20008.8	5
3.79	20019.6	5
3.79	20030.4	5
3.79	20041.2	5
3.79	20048.4	5
3.79	20062.8	5
3.79	20070	5
3.8	20084.4	5
3.8	20091.6	5
3.8	20102.4	5
3.8	20113.2	5
3.8	20124	5
3.8	20134.8	5
3.81	20145.6	5
3.81	20156.4	5
3.81	20167.2	5
3.81	20178	5
3.81	20188.8	5
3.82	20199.6	5
3.82	20210.4	5
3.82	20221.2	5
3.82	20232	5
3.82	20242.8	5
3.82	20253.6	5
3.83	20264.4	5
3.83	20275.2	5
3.83	20286	5
3.83	20296.8	5
3.83	20307.6	5
3.84	20318.4	5
3.84	20329.2	5
3.84	20340	5
3.84	20350.8	5
3.84	20361.6	5
3.84	20372.4	5
3.85	20383.2	5
3.85	20394	5
3.85	20404.8	5
3.85	20412	5
3.85	20422.8	5
3.85	20433.6	5
3.86	20444.4	5
3.86	20455.2	5
3.86	20466	5
3.86	20476.8	5
3.86	20487.6	5
3.87	20498.4	5
3.87	20509.2	5
3.87	20520	5
3.87	20530.8	5
3.87	20541.6	5
3.87	20552.4	5
3.88	20563.2	5
3.88	20574	5
3.88	20584.8	5
3.88	20595.6	5
3.88	20606.4	5
3.89	20617.2	5
3.89	20628	5
3.89	20638.8	5
3.89	20649.6	5
3.89	20660.4	5
3.89	20671.2	5
3.9	20682	5
3.9	20692.8	5
3.9	20703.6	5
3.9	20714.4	5
3.9	20725.2	5
3.9	20736	5
3.91	20746.8	5
3.91	20757.6	5
3.91	20768.4	5
3.91	20779.2	5
3.91	20790	5
3.92	20800.8	5
3.92	20811.6	5
3.92	20822.4	5
3.92	20833.2	5
3.92	20844	5
3.92	20854.8	5
3.93	20865.6	5
3.93	20876.4	5
3.93	20887.2	5
3.93	20898	5
3.93	20908.8	5
3.94	20919.6	5
3.94	20930.4	5
3.94	20941.2	5
3.94	20952	5
3.94	20962.8	5
3.94	20973.6	5
3.95	20980.8	5
3.95	20995.2	5
3.95	21002.4	5
3.95	21013.2	5
3.95	21024	5
3.95	21034.8	5
3.96	21045.6	5
3.96	21056.4	5
3.96	21067.2	5
3.96	21078	5
3.96	21088.8	5
3.97	21099.6	5
3.97	21110.4	5
3.97	21121.2	5
3.97	21132	5
3.97	21142.8	5
3.97	21153.6	5
3.98	21164.4	5
3.98	21175.2	5
3.98	21186	5
3.98	21196.8	5
3.98	21207.6	5
3.99	21218.4	5
3.99	21229.2	5
3.99	21240	5
3.99	21250.8	5
3.99	21261.6	5
3.99	21272.4	5
4	21283.2	5
4	21294	5
4	21304.8	5
4	21315.6	5
4	21326.4	5
4	21337.2	5
4.01	21348	5
4.01	21358.8	5
4.01	21369.6	5
4.01	21380.4	5
4.01	21391.2	5
4.02	21402	5
4.02	21412.8	5
4.02	21423.6	5
4.02	21434.4	5
4.02	21445.2	5
4.02	21456	5
4.03	21466.8	5
4.03	21477.6	5
4.03	21488.4	5
4.03	21499.2	5
4.03	21510	5
4.04	21520.8	5
4.04	21531.6	5
4.04	21542.4	5
4.04	21553.2	5
4.04	21564	5
4.04	21574.8	5
4.05	21585.6	5
4.05	21596.4	5
4.05	21607.2	5
4.05	21618	5
4.05	21628.8	5
4.05	21639.6	5
4.06	21650.4	5
4.06	21661.2	5
4.06	21672	5
4.06	21682.8	5
4.06	21693.6	5
4.07	21704.4	5
4.07	21715.2	5
4.07	21722.4	5
4.07	21736.8	5
4.07	21747.6	5
4.07	21758.4	5
4.08	21765.6	5
4.08	21780	5
4.08	21787.2	5
4.08	21801.6	5
4.08	21808.8	5
4.09	21823.2	5
4.09	21830.4	5
4.09	21841.2	5
4.09	21852	5
4.09	21862.8	5
4.09	21873.6	5
4.1	21884.4	5
4.1	21895.2	5
4.1	21906	5
4.1	21916.8	5
4.1	21927.6	5
4.1	21938.4	5
4.11	21949.2	5
4.11	21960	5
4.11	21970.8	5
4.11	21981.6	5
4.11	21992.4	5
4.12	22003.2	5
4.12	22014	5
4.12	22024.8	5
4.12	22035.6	5
4.12	22046.4	5
4.12	22057.2	5
4.13	22068	5
4.13	22078.8	5
4.13	22089.6	5
4.13	22100.4	5
4.13	22111.2	5
4.13	22122	5
4.14	22132.8	5
4.14	22143.6	5
4.14	22154.4	5
4.14	22165.2	5
4.14	22176	5
4.15	22186.8	5
4.15	22201.2	5
4.15	22208.4	5
4.15	22219.2	5
4.15	22230	5
4.15	22240.8	5
4.16	22251.6	5
4.16	22262.4	5
4.16	22273.2	5
4.16	22284	5
4.16	22294.8	5
4.17	22305.6	5
4.17	22316.4	5
4.17	22327.2	5
4.17	22338	5
4.17	22348.8	5
4.17	22359.6	5
4.18	22370.4	5
4.18	22381.2	5
4.18	22392	5
4.18	22402.8	5
4.18	22413.6	5
4.18	22424.4	5
4.19	22435.2	5
4.19	22446	5
4.19	22456.8	5
4.19	22467.6	5
4.19	22478.4	5
4.2	22489.2	5
4.2	22500	5
4.2	22510.8	5
4.2	22521.6	5
4.2	22532.4	5
4.2	22543.2	5
4.21	22554	5
4.21	22564.8	5
4.21	22572	5
4.21	22582.8	5
4.21	22593.6	5
4.22	22604.4	5
4.22	22615.2	5
4.22	22626	5
4.22	22636.8	5
4.22	22647.6	5
4.22	22658.4	5
4.23	22669.2	5
4.23	22680	5
4.23	22690.8	5
4.23	22701.6	5
4.23	22712.4	5
4.23	22723.2	5
4.24	22734	5
4.24	22744.8	5
4.24	22755.6	5
4.24	22766.4	5
4.24	22777.2	5
4.25	22788	5
4.25	22798.8	5
4.25	22809.6	5
4.25	22820.4	5
4.25	22831.2	5
4.25	22842	5
4.26	22852.8	5
4.26	22863.6	5
4.26	22874.4	5
4.26	22885.2	5
4.26	22896	5
4.27	22906.8	5
4.27	22921.2	5
4.27	22928.4	5
4.27	22939.2	5
4.27	22950	5
4.27	22960.8	5
4.28	22971.6	5
4.28	22982.4	5
4.28	22993.2	5
4.28	23004	5
4.28	23014.8	5
4.28	23025.6	5
4.29	23036.4	5
4.29	23047.2	5
4.29	23058	5
4.29	23068.8	5
4.29	23079.6	5
4.3	23090.4	5
4.3	23101.2	5
4.3	23112	5
4.3	23122.8	5
4.3	23133.6	5
4.3	23144.4	5
4.31	23155.2	5
4.31	23166	5
4.31	23176.8	5
4.31	23187.6	5
4.31	23198.4	5
4.32	23209.2	5
4.32	23220	5
4.32	23230.8	5
4.32	23241.6	5
4.32	23252.4	5
4.32	23263.2	5
4.33	23274	5
4.33	23284.8	5
4.33	23292	5
4.33	23302.8	5
4.33	23313.6	5
4.33	23324.4	5
4.34	23335.2	5
4.34	23346	5
4.34	23356.8	5
4.34	23367.6	5
4.34	23378.4	5
4.35	23389.2	5
4.35	23400	5
4.35	23410.8	5
4.35	23421.6	5
4.35	23432.4	5
4.35	23443.2	5
4.36	23454	5
4.36	23464.8	5
4.36	23475.6	5
4.36	23486.4	5
4.36	23497.2	5
4.37	23508	5
4.37	23518.8	5
4.37	23529.6	5
4.37	23540.4	5
4.37	23551.2	5
4.37	23562	5
4.38	23572.8	5
4.38	23583.6	5
4.38	23594.4	5
4.38	23605.2	5
4.38	23616	5
4.38	23626.8	5
4.39	23637.6	5
4.39	23648.4	5
4.39	23659.2	5
4.39	23670	5
4.39	23680.8	5
4.4	23691.6	5
4.4	23702.4	5
4.4	23713.2	5
4.4	23724	5
4.4	23734.8	5
4.4	23745.6	5
4.41	23756.4	5
4.41	23767.2	5
4.41	23778	5
4.41	23788.8	5
4.41	23799.6	5
4.42	23810.4	5
4.42	23821.2	5
4.42	23832	5
4.42	23839.2	5
4.42	23850	5
4.42	23860.8	5
4.43	23871.6	5
4.43	23882.4	5
4.43	23893.2	5
4.43	23904	5
4.43	23914.8	5
4.43	23925.6	5
4.44	23936.4	5
4.44	23947.2	5
4.44	23958	5
4.44	23968.8	5
4.44	23979.6	5
4.45	23990.4	5
4.45	24001.2	5
4.45	24012	5
4.45	24022.8	5
4.45	24033.6	5
4.45	24044.4	5
4.46	24055.2	5
4.46	24066	5
4.46	24076.8	5
4.46	24087.6	5
4.46	24098.4	5
4.47	24109.2	5
4.47	24120	5
4.47	24130.8	5
4.47	24141.6	5
4.47	24152.4	5
4.47	24163.2	5
4.48	24174	5
4.48	24184.8	5
4.48	24195.6	5
4.48	24206.4	5
4.48	24217.2	5
4.48	24228	5
4.49	24238.8	5
4.49	24249.6	5
4.49	24260.4	5
4.49	24271.2	5
4.49	24282	5
4.5	24292.8	5
4.5	24303.6	5
4.5	24314.4	5
4.5	24325.2	5
4.5	24336	5
4.5	24346.8	5
4.51	24357.6	5
4.51	24368.4	5
4.51	24379.2	5
4.51	24390	5
4.51	24400.8	5
4.52	24411.6	5
4.52	24422.4	5
4.52	24433.2	5
4.52	24444	5
4.52	24454.8	5
4.52	24465.6	5
4.53	24476.4	5
4.53	24487.2	5
4.53	24494.4	5
4.53	24505.2	5
4.53	24516	5
4.53	24526.8	5
4.54	24537.6	5
4.54	24548.4	5
4.54	24559.2	5
4.54	24570	5
4.54	24580.8	5
4.55	24591.6	5
4.55	24602.4	5
4.55	24613.2	5
4.55	24624	5
4.55	24634.8	5
4.55	24645.6	5
4.56	24656.4	5
4.56	24667.2	5
4.56	24678	5
4.56	24688.8	5
4.56	24699.6	5
4.57	24710.4	5
4.57	24721.2	5
4.57	24732	5
4.57	24742.8	5
4.57	24753.6	5
4.57	24764.4	5
4.58	24775.2	5
4.58	24786	5
4.58	24796.8	5
4.58	24804	5
4.58	24818.4	5
4.58	24825.6	5
4.59	24840	5
4.59	24847.2	5
4.59	24858	5
4.59	24868.8	5
4.59	24879.6	5
4.6	24890.4	5
4.6	24901.2	5
4.6	24912	5
4.6	24922.8	5
4.6	24933.6	5
4.6	24944.4	5
4.61	24955.2	5
4.61	24966	5
4.61	24976.8	5
4.61	24991.2	5
4.61	24998.4	5
4.62	25009.2	5
4.62	25020	5
4.62	25030.8	5
4.62	25041.6	5
4.62	25056	5
4.62	25066.8	5
4.63	25074	5
4.63	25088.4	5
4.63	25095.6	5
4.63	25106.4	5
4.63	25117.2	5
4.63	25128	5
4.64	25138.8	5
4.64	25149.6	5
4.64	25160.4	5
4.64	25171.2	5
4.64	25182	5
4.65	25192.8	5
4.65	25203.6	5
4.65	25214.4	5
4.65	25225.2	5
4.65	25236	5
4.65	25246.8	5
4.66	25257.6	5
4.66	25268.4	5
4.66	25279.2	5
4.66	25290	5
4.66	25300.8	5
4.67	25311.6	5
4.67	25322.4	5
4.67	25333.2	5
4.67	25344	5
4.67	25354.8	5
4.67	25365.6	5
4.68	25376.4	5
4.68	25387.2	5
4.68	25398	5
4.68	25408.8	5
4.68	25416	5
4.68	25426.8	5
4.69	25437.6	5
4.69	25448.4	5
4.69	25459.2	5
4.69	25470	5
4.69	25480.8	5
4.7	25491.6	5
4.7	25502.4	5
4.7	25513.2	5
4.7	25524	5
4.7	25534.8	5
4.7	25545.6	5
4.71	25556.4	5
4.71	25567.2	5
4.71	25578	5
4.71	25588.8	5
4.71	25599.6	5
4.72	25610.4	5
4.72	25621.2	5
4.72	25632	5
4.72	25642.8	5
4.72	25653.6	5
4.72	25664.4	5
4.73	25675.2	5
4.73	25686	5
4.73	25696.8	5
4.73	25707.6	5
4.73	25718.4	5
4.73	25729.2	5
4.74	25740	5
4.74	25750.8	5
4.74	25761.6	5
4.74	25772.4	5
4.74	25783.2	5
4.75	25794	5
4.75	25804.8	5
4.75	25815.6	5
4.75	25826.4	5
4.75	25837.2	5
4.75	25848	5
4.76	25858.8	5
4.76	25869.6	5
4.76	25880.4	5
4.76	25891.2	5
4.76	25902	5
4.77	25912.8	5
4.77	25923.6	5
4.77	25934.4	5
4.77	25945.2	5
4.77	25956	5
4.77	25966.8	5
4.78	25977.6	5
4.78	25988.4	5
4.78	25999.2	5
4.78	26010	5
4.78	26020.8	5
4.78	26031.6	5
4.79	26042.4	5
4.79	26053.2	5
4.79	26064	5
4.79	26074.8	5
4.79	26085.6	5
4.8	26096.4	5
4.8	26107.2	5
4.8	26118	5
4.8	26128.8	5
4.8	26139.6	5
4.8	26150.4	5
4.81	26161.2	5
4.81	26172	5
4.81	26182.8	5
4.81	26193.6	5
4.81	26204.4	5
4.82	26215.2	5
4.82	26226	5
4.82	26236.8	5
4.82	26247.6	5
4.82	26258.4	5
4.82	26269.2	5
4.83	26280	5
4.83	26290.8	5
4.83	26301.6	5
4.83	26312.4	5
4.83	26319.6	5
4.83	26334	5
4.84	26344.8	5
4.84	26355.6	5
4.84	26366.4	5
4.84	26377.2	5
4.84	26388	5
4.85	26398.8	5
4.85	26409.6	5
4.85	26420.4	5
4.85	26431.2	5
4.85	26442	5
4.85	26452.8	5
4.86	26463.6	5
4.86	26474.4	5
4.86	26485.2	5
4.86	26496	5
4.86	26506.8	5
4.87	26517.6	5
4.87	26528.4	5
4.87	26539.2	5
4.87	26550	5
4.87	26560.8	5
4.87	26571.6	5
4.88	26582.4	5
4.88	26593.2	5
4.88	26604	5
4.88	26611.2	5
4.88	26622	5
4.88	26632.8	5
4.89	26643.6	5
4.89	26654.4	5
4.89	26665.2	5
4.89	26676	5
4.89	26686.8	5
4.9	26697.6	5
4.9	26708.4	5
4.9	26719.2	5
4.9	26730	5
4.9	26740.8	5
4.9	26751.6	5
4.91	26762.4	5
4.91	26773.2	5
4.91	26784	5
4.91	26794.8	5
4.91	26805.6	5
4.92	26816.4	5
4.92	26827.2	5
4.92	26838	5
4.92	26848.8	5
4.92	26859.6	5
4.92	26870.4	5
4.93	26881.2	5
4.93	26892	5
4.93	26902.8	5
4.93	26913.6	5
4.93	26924.4	5
4.93	26935.2	5
4.94	26946	5
4.94	26956.8	5
4.94	26967.6	5
4.94	26978.4	5
4.94	26989.2	5
4.95	27000	5
4.95	27010.8	5
4.95	27021.6	5
4.95	27028.8	5
4.95	27039.6	5
4.95	27050.4	5
4.96	27061.2	5
4.96	27075.6	5
4.96	27086.4	5
4.96	27097.2	5
4.96	27108	5
4.97	27115.2	5
4.97	27129.6	5
4.97	27140.4	5
4.97	27151.2	5
4.97	27162	5
4.97	27172.8	5
4.98	27183.6	5
4.98	27194.4	5
4.98	27205.2	5
4.98	27216	5
4.98	27226.8	5
4.98	27237.6	5
4.99	27248.4	5
4.99	27259.2	5
4.99	27270	5
4.99	27280.8	5
4.99	27291.6	5
5	27302.4	5
5	27309.6	5
5	27320.4	5
5	27331.2	5
5	27342	5
5	27352.8	5
5.01	27363.6	5
5.01	27374.4	5
5.01	27385.2	5
5.01	27396	5
5.01	27406.8	5
5.01	27417.6	5
5.02	27428.4	5
5.02	27439.2	5
5.02	27450	5
5.02	27460.8	5
5.02	27471.6	5
5.03	27482.4	5
5.03	27493.2	5
5.03	27504	5
5.03	27514.8	5
5.03	27525.6	5
5.03	27536.4	5
5.04	27547.2	5
5.04	27558	5
5.04	27568.8	5
5.04	27579.6	5
5.04	27590.4	5
5.05	27601.2	5
5.05	27612	5
5.05	27622.8	5
5.05	27633.6	5
5.05	27644.4	5
5.05	27655.2	5
5.06	27666	5
5.06	27676.8	5
5.06	27687.6	5
5.06	27698.4	5
5.06	27709.2	5
5.06	27720	5
5.07	27730.8	5
5.07	27738	5
5.07	27748.8	5
5.07	27759.6	5
5.07	27770.4	5
5.08	27781.2	5
5.08	27792	5
5.08	27802.8	5
5.08	27813.6	5
5.08	27824.4	5
5.08	27835.2	5
5.09	27846	5
5.09	27856.8	5
5.09	27871.2	5
5.09	27878.4	5
5.09	27889.2	5
5.1	27900	5
5.1	27910.8	5
5.1	27921.6	5
5.1	27932.4	5
5.1	27943.2	5
5.1	27954	5
5.11	27964.8	5
5.11	27975.6	5
5.11	27986.4	5
5.11	27997.2	5
5.11	28008	5
5.11	28018.8	5
5.12	28029.6	5
5.12	28040.4	5
5.12	28051.2	5
5.12	28062	5
5.12	28072.8	5
5.13	28083.6	5
5.13	28094.4	5
5.13	28105.2	5
5.13	28116	5
5.13	28126.8	5
5.13	28137.6	5
5.14	28148.4	5
5.14	28159.2	5
5.14	28170	5
5.14	28180.8	5
5.14	28191.6	5
5.15	28202.4	5
5.15	28213.2	5
5.15	28224	5
5.15	28234.8	5
5.15	28245.6	5
5.15	28256.4	5
5.16	28267.2	5
5.16	28274.4	5
5.16	28288.8	5
5.16	28296	5
5.16	28306.8	5
5.16	28317.6	5
5.17	28328.4	5
5.17	28339.2	5
5.17	28350	5
5.17	28360.8	5
5.17	28371.6	5
5.18	28382.4	5
5.18	28393.2	5
5.18	28404	5
5.18	28414.8	5
5.18	28425.6	5
5.18	28436.4	5
5.19	28447.2	5
5.19	28458	5
5.19	28468.8	5
5.19	28479.6	5
5.19	28490.4	5
5.2	28501.2	5
5.2	28512	5
5.2	28522.8	5
5.2	28533.6	5
5.2	28544.4	5
5.2	28555.2	5
5.21	28566	5
5.21	28576.8	5
5.21	28587.6	5
5.21	28598.4	5
5.21	28609.2	5
5.21	28620	5
5.22	28630.8	5
5.22	28641.6	5
5.22	28652.4	5
5.22	28663.2	5
5.22	28674	5
5.23	28684.8	5
5.23	28695.6	5
5.23	28706.4	5
5.23	28717.2	5
5.23	28728	5
5.23	28738.8	5
5.24	28749.6	5
5.24	28760.4	5
5.24	28771.2	5
5.24	28782	5
5.24	28792.8	5
5.25	28803.6	5
5.25	28814.4	5
5.25	28825.2	5
5.25	28836	5
5.25	28846.8	5
5.25	28857.6	5
5.26	28868.4	5
5.26	28875.6	5
5.26	28886.4	5
5.26	28897.2	5
5.26	28908	5
5.26	28918.8	5
5.27	28929.6	5
5.27	28940.4	5
5.27	28951.2	5
5.27	28962	5
5.27	28972.8	5
5.28	28983.6	5
5.28	28994.4	5
5.28	29005.2	5
5.28	29016	5
5.28	29026.8	5
5.28	29037.6	5
5.29	29048.4	5
5.29	29059.2	5
5.29	29070	5
5.29	29080.8	5
5.29	29091.6	5
5.3	29102.4	5
5.3	29113.2	5
5.3	29124	5
5.3	29134.8	5
5.3	29145.6	5
5.3	29156.4	5
5.31	29167.2	5
5.31	29178	5
5.31	29188.8	5
5.31	29199.6	5
5.31	29210.4	5
5.31	29221.2	5
5.32	29232	5
5.32	29242.8	5
5.32	29253.6	5
5.32	29264.4	5
5.32	29275.2	5
5.33	29286	5
5.33	29296.8	5
5.33	29307.6	5
5.33	29318.4	5
5.33	29329.2	5
5.33	29340	5
5.34	29350.8	5
5.34	29361.6	5
5.34	29372.4	5
5.34	29383.2	5
5.34	29394	5
5.35	29404.8	5
5.35	29415.6	5
5.35	29426.4	5
5.35	29437.2	5
5.35	29448	5
5.35	29458.8	5
5.36	29469.6	5
5.36	29476.8	5
5.36	29487.6	5
5.36	29498.4	5
5.36	29509.2	5
5.36	29520	5
5.37	29530.8	5
5.37	29541.6	5
5.37	29552.4	5
5.37	29563.2	5
5.37	29574	5
5.38	29584.8	5
5.38	29595.6	5
5.38	29606.4	5
5.38	29617.2	5
5.38	29628	5
5.38	29638.8	5
5.39	29649.6	5
5.39	29660.4	5
5.39	29671.2	5
5.39	29682	5
5.39	29692.8	5
5.4	29703.6	5
5.4	29714.4	5
5.4	29725.2	5
5.4	29736	5
5.4	29746.8	5
5.4	29757.6	5
5.41	29768.4	5
5.41	29779.2	5
5.41	29790	5
5.41	29800.8	5
5.41	29811.6	5
5.41	29822.4	5
5.42	29833.2	5
5.42	29844	5
5.42	29851.2	5
5.42	29862	5
5.42	29872.8	5
5.43	29883.6	5
5.43	29894.4	5
5.43	29905.2	5
5.43	29916	5
5.43	29926.8	5
5.43	29937.6	5
5.44	29948.4	5
5.44	29959.2	5
5.44	29970	5
5.44	29980.8	5
5.44	29991.6	5
5.45	30002.4	5
5.45	30016.8	5
5.45	30024	5
5.45	30038.4	5
5.45	30045.6	5
5.45	30056.4	5
5.46	30067.2	5
5.46	30081.6	5
5.46	30092.4	5
5.46	30103.2	5
5.46	30114	5
5.46	30121.2	5
5.47	30135.6	5
5.47	30142.8	5
5.47	30157.2	5
5.47	30164.4	5
5.47	30175.2	5
5.48	30186	5
5.48	30196.8	5
5.48	30207.6	5
5.48	30218.4	5
5.48	30229.2	5
5.48	30240	5
5.49	30250.8	5
5.49	30261.6	5
5.49	30272.4	5
5.49	30283.2	5
5.49	30294	5
5.5	30304.8	5
5.5	30315.6	5
5.5	30326.4	5
5.5	30337.2	5
5.5	30348	5
5.5	30358.8	5
5.51	30369.6	5
5.51	30380.4	5
5.51	30391.2	5
5.51	30402	5
5.51	30412.8	5
5.51	30423.6	5
5.52	30434.4	5
5.52	30445.2	5
5.52	30456	5
5.52	30466.8	5
5.52	30477.6	5
5.53	30488.4	5
5.53	30499.2	5
5.53	30510	5
5.53	30520.8	5
5.53	30531.6	5
5.53	30542.4	5
5.54	30553.2	5
5.54	30564	5
5.54	30574.8	5
5.54	30585.6	5
5.54	30596.4	5
5.55	30607.2	5
5.55	30618	5
5.55	30628.8	5
5.55	30639.6	5
5.55	30650.4	5
5.55	30661.2	5
5.56	30672	5
5.56	30682.8	5
5.56	30693.6	5
5.56	30704.4	5
5.56	30715.2	5
5.56	30726	5
5.57	30736.8	5
5.57	30747.6	5
5.57	30758.4	5
5.57	30769.2	5
5.57	30780	5
5.58	30790.8	5
5.58	30801.6	5
5.58	30812.4	5
5.58	30823.2	5
5.58	30834	5
5.58	30844.8	5
5.59	30855.6	5
5.59	30866.4	5
5.59	30877.2	5
5.59	30888	5
5.59	30898.8	5
5.6	30909.6	5
5.6	30920.4	5
5.6	30931.2	5
5.6	30942	5
5.6	30952.8	5
5.6	30963.6	5
5.61	30974.4	5
5.61	30981.6	5
5.61	30992.4	5
5.61	31003.2	5
5.61	31014	5
5.61	31024.8	5
5.62	31035.6	5
5.62	31046.4	5
5.62	31057.2	5
5.62	31068	5
5.62	31078.8	5
5.63	31089.6	5
5.63	31100.4	5
5.63	31111.2	5
5.63	31122	5
5.63	31132.8	5
5.63	31143.6	5
5.64	31154.4	5
5.64	31165.2	5
5.64	31176	5
5.64	31186.8	5
5.64	31197.6	5
5.65	31208.4	5
5.65	31219.2	5
5.65	31230	5
5.65	31240.8	5
5.65	31251.6	5
5.65	31262.4	5
5.66	31273.2	5
5.66	31284	5
5.66	31294.8	5
5.66	31305.6	5
5.66	31316.4	5
5.66	31327.2	5
5.67	31338	5
5.67	31348.8	5
5.67	31359.6	5
5.67	31370.4	5
5.67	31381.2	5
5.68	31392	5
5.68	31402.8	5
5.68	31413.6	5
5.68	31424.4	5
5.68	31435.2	5
5.68	31446	5
5.69	31456.8	5
5.69	31467.6	5
5.69	31478.4	5
5.69	31489.2	5
5.69	31500	5
5.7	31510.8	5
5.7	31521.6	5
5.7	31532.4	5
5.7	31543.2	5
5.7	31554	5
5.7	31564.8	5
5.71	31575.6	5
5.71	31586.4	5
5.71	31597.2	5
5.71	31608	5
5.71	31618.8	5
5.71	31629.6	5
5.72	31640.4	5
5.72	31651.2	5
5.72	31662	5
5.72	31672.8	5
5.72	31683.6	5
5.73	31694.4	5
5.73	31705.2	5
5.73	31716	5
5.73	31723.2	5
5.73	31734	5
5.73	31744.8	5
5.74	31755.6	5
5.74	31766.4	5
5.74	31777.2	5
5.74	31788	5
5.74	31798.8	5
5.75	31809.6	5
5.75	31820.4	5
5.75	31831.2	5
5.75	31842	5
5.75	31852.8	5
5.75	31863.6	5
5.76	31874.4	5
5.76	31885.2	5
5.76	31896	5
5.76	31906.8	5
5.76	31917.6	5
5.76	31928.4	5
5.77	31939.2	5
5.77	31950	5
5.77	31960.8	5
5.77	31971.6	5
5.77	31982.4	5
5.78	31993.2	5
5.78	32004	5
5.78	32014.8	5
5.78	32025.6	5
5.78	32036.4	5
5.78	32047.2	5
5.79	32058	5
5.79	32068.8	5
5.79	32079.6	5
5.79	32090.4	5
5.79	32101.2	5
5.8	32112	5
5.8	32122.8	5
5.8	32133.6	5
5.8	32144.4	5
5.8	32155.2	5
5.8	32166	5
5.81	32176.8	5
5.81	32187.6	5
5.81	32198.4	5
5.81	32209.2	5
5.81	32220	5
5.81	32230.8	5
5.82	32241.6	5
5.82	32252.4	5
5.82	32263.2	5
5.82	32274	5
5.82	32284.8	5
5.83	32295.6	5
5.83	32306.4	5
5.83	32317.2	5
5.83	32328	5
5.83	32338.8	5
5.83	32349.6	5
5.84	32360.4	5
5.84	32371.2	5
5.84	32382	5
5.84	32392.8	5
5.84	32403.6	5
5.85	32414.4	5
5.85	32425.2	5
5.85	32436	5
5.85	32446.8	5
5.85	32454	5
5.85	32464.8	5
5.86	32475.6	5
5.86	32486.4	5
5.86	32497.2	5
5.86	32508	5
5.86	32518.8	5
5.86	32529.6	5
5.87	32540.4	5
5.87	32551.2	5
5.87	32562	5
5.87	32572.8	5
5.87	32583.6	5
5.88	32594.4	5
5.88	32605.2	5
5.88	32616	5
5.88	32626.8	5
5.88	32637.6	5
5.88	32648.4	5
5.89	32659.2	5
5.89	32670	5
5.89	32680.8	5
5.89	32691.6	5
5.89	32702.4	5
5.89	32713.2	5
5.9	32724	5
5.9	32734.8	5
5.9	32745.6	5
5.9	32756.4	5
5.9	32767.2	5
5.91	32778	5
5.91	32788.8	5
5.91	32799.6	5
5.91	32810.4	5
5.91	32821.2	5
5.91	32832	5
5.92	32842.8	5
5.92	32853.6	5
5.92	32864.4	5
5.92	32875.2	5
5.92	32886	5
5.93	32896.8	5
5.93	32907.6	5
5.93	32918.4	5
5.93	32929.2	5
5.93	32940	5
5.93	32950.8	5
5.94	32961.6	5
5.94	32972.4	5
5.94	32983.2	5
5.94	32994	5
5.94	33004.8	5
5.94	33015.6	5
5.95	33026.4	5
5.95	33037.2	5
5.95	33048	5
5.95	33058.8	5
5.95	33069.6	5
5.96	33080.4	5
5.96	33091.2	5
5.96	33102	5
5.96	33112.8	5
5.96	33123.6	5
5.96	33134.4	5
5.97	33145.2	5
5.97	33156	5
5.97	33166.8	5
5.97	33177.6	5
5.97	33188.4	5
5.98	33199.2	5
5.98	33210	5
5.98	33220.8	5
5.98	33228	5
5.98	33242.4	5
5.98	33249.6	5
5.99	33264	5
5.99	33271.2	5
5.99	33285.6	5
5.99	33292.8	5
5.99	33307.2	5
5.99	33314.4	5
6	33328.8	5
6	33336	5
6	33346.8	5
6	33357.6	5
6	33368.4	5
6.01	33379.2	5
6.01	33390	5
6.01	33400.8	5
6.01	33411.6	5
6.01	33422.4	5
6.01	33433.2	5
6.02	33444	5
6.02	33454.8	5
6.02	33465.6	5
6.02	33476.4	5
6.02	33487.2	5
6.03	33498	5
6.03	33508.8	5
6.03	33519.6	5
6.03	33530.4	5
6.03	33541.2	5
6.03	33552	5
6.04	33562.8	5
6.04	33573.6	5
6.04	33584.4	5
6.04	33595.2	5
6.04	33606	5
6.04	33616.8	5
6.05	33631.2	5
6.05	33638.4	5
6.05	33649.2	5
6.05	33660	5
6.05	33670.8	5
6.06	33681.6	5
6.06	33696	5
6.06	33706.8	5
6.06	33717.6	5
6.06	33728.4	5
6.06	33735.6	5
6.07	33750	5
6.07	33757.2	5
6.07	33771.6	5
6.07	33778.8	5
6.07	33789.6	5
6.08	33800.4	5
6.08	33811.2	5
6.08	33822	5
6.08	33832.8	5
6.08	33843.6	5
6.08	33854.4	5
6.09	33865.2	5
6.09	33876	5
6.09	33886.8	5
6.09	33897.6	5
6.09	33908.4	5
6.09	33919.2	5
6.1	33930	5
6.1	33940.8	5
6.1	33951.6	5
6.1	33962.4	5
6.1	33973.2	5
6.11	33984	5
6.11	33994.8	5
6.11	34005.6	5
6.11	34016.4	5
6.11	34027.2	5
6.11	34038	5
6.12	34048.8	5
6.12	34059.6	5
6.12	34070.4	5
6.12	34081.2	5
6.12	34092	5
6.13	34102.8	5
6.13	34113.6	5
6.13	34124.4	5
6.13	34135.2	5
6.13	34146	5
6.13	34156.8	5
6.14	34167.6	5
6.14	34178.4	5
6.14	34189.2	5
6.14	34200	5
6.14	34210.8	5
6.14	34221.6	5
6.15	34232.4	5
6.15	34243.2	5
6.15	34254	5
6.15	34264.8	5
6.15	34275.6	5
6.16	34286.4	5
6.16	34297.2	5
6.16	34308	5
6.16	34318.8	5
6.16	34329.6	5
6.16	34340.4	5
6.17	34351.2	5
6.17	34362	5
6.17	34372.8	5
6.17	34383.6	5
6.17	34394.4	5
6.18	34405.2	5
6.18	34416	5
6.18	34426.8	5
6.18	34437.6	5
6.18	34448.4	5
6.18	34459.2	5
6.19	34470	5
6.19	34480.8	5
6.19	34491.6	5
6.19	34502.4	5
6.19	34513.2	5
6.19	34524	5
6.2	34534.8	5
6.2	34545.6	5
6.2	34556.4	5
6.2	34567.2	5
6.2	34578	5
6.21	34588.8	5
6.21	34599.6	5
6.21	34610.4	5
6.21	34621.2	5
6.21	34632	5
6.21	34642.8	5
6.22	34653.6	5
6.22	34660.8	5
6.22	34671.6	5
6.22	34682.4	5
6.22	34693.2	5
6.23	34704	5
6.23	34714.8	5
6.23	34725.6	5
6.23	34736.4	5
6.23	34747.2	5
6.23	34758	5
6.24	34768.8	5
6.24	34779.6	5
6.24	34790.4	5
6.24	34801.2	5
6.24	34812	5
6.24	34822.8	5
6.25	34833.6	5
6.25	34844.4	5
6.25	34855.2	5
6.25	34866	5
6.25	34876.8	5
6.26	34887.6	5
6.26	34898.4	5
6.26	34909.2	5
6.26	34920	5
6.26	34930.8	5
6.26	34941.6	5
6.27	34952.4	5
6.27	34963.2	5
6.27	34974	5
6.27	34984.8	5
6.27	34995.6	5
6.28	35006.4	5
6.28	35017.2	5
6.28	35028	5
6.28	35038.8	5
6.28	35049.6	5
6.28	35060.4	5
6.29	35071.2	5
6.29	35082	5
6.29	35092.8	5
6.29	35103.6	5
6.29	35114.4	5
6.29	35125.2	5
6.3	35136	5
6.3	35146.8	5
6.3	35157.6	5
6.3	35168.4	5
6.3	35179.2	5
6.31	35190	5
6.31	35200.8	5
6.31	35211.6	5
6.31	35222.4	5
6.31	35233.2	5
6.31	35244	5
6.32	35254.8	5
6.32	35265.6	5
6.32	35276.4	5
6.32	35287.2	5
6.32	35298	5
6.33	35308.8	5
6.33	35319.6	5
6.33	35330.4	5
6.33	35341.2	5
6.33	35352	5
6.33	35362.8	5
6.34	35373.6	5
6.34	35384.4	5
6.34	35395.2	5
6.34	35406	5
6.34	35416.8	5
6.34	35427.6	5
6.35	35438.4	5
6.35	35449.2	5
6.35	35460	5
6.35	35470.8	5
6.35	35481.6	5
6.36	35492.4	5
6.36	35503.2	5
6.36	35514	5
6.36	35524.8	5
6.36	35535.6	5
6.36	35546.4	5
6.37	35557.2	5
6.37	35568	5
6.37	35578.8	5
6.37	35589.6	5
6.37	35600.4	5
6.38	35611.2	5
6.38	35622	5
6.38	35632.8	5
6.38	35643.6	5
6.38	35650.8	5
6.38	35661.6	5
6.39	35672.4	5
6.39	35683.2	5
6.39	35694	5
6.39	35704.8	5
6.39	35715.6	5
6.39	35726.4	5
6.4	35740.8	5
6.4	35748	5
6.4	35762.4	5
6.4	35769.6	5
6.4	35784	5
6.41	35794.8	5
6.41	35805.6	5
6.41	35816.4	5
6.41	35827.2	5
6.41	35838	5
6.41	35848.8	5
6.42	35859.6	5
6.42	35870.4	5
6.42	35881.2	5
6.42	35892	5
6.42	35902.8	5
6.43	35913.6	5
6.43	35924.4	5
6.43	35935.2	5
6.43	35946	5
6.43	35956.8	5
6.43	35964	5
6.44	35974.8	5
6.44	35985.6	5
6.44	35996.4	5
6.44	36007.2	5
6.44	36018	5
6.44	36028.8	5
6.45	36039.6	5
6.45	36050.4	5
6.45	36061.2	5
6.45	36072	5
6.45	36082.8	5
6.46	36093.6	5
6.46	36104.4	5
6.46	36115.2	5
6.46	36126	5
6.46	36136.8	5
6.46	36147.6	5
6.47	36158.4	5
6.47	36169.2	5
6.47	36180	5
6.47	36190.8	5
6.47	36201.6	5
6.48	36212.4	5
6.48	36223.2	5
6.48	36234	5
6.48	36244.8	5
6.48	36255.6	5
6.48	36266.4	5
6.49	36277.2	5
6.49	36288	5
6.49	36298.8	5
6.49	36309.6	5
6.49	36320.4	5
6.49	36331.2	5
6.5	36342	5
6.5	36352.8	5
6.5	36363.6	5
6.5	36374.4	5
6.5	36385.2	5
6.51	36396	5
6.51	36406.8	5
6.51	36417.6	5
6.51	36428.4	5
6.51	36439.2	5
6.51	36450	5
6.52	36460.8	5
6.52	36471.6	5
6.52	36482.4	5
6.52	36493.2	5
6.52	36504	5
6.53	36514.8	5
6.53	36525.6	5
6.53	36536.4	5
6.53	36547.2	5
6.53	36558	5
6.53	36568.8	5
6.54	36579.6	5
6.54	36590.4	5
6.54	36601.2	5
6.54	36612	5
6.54	36622.8	5
6.54	36633.6	5
6.55	36644.4	5
6.55	36655.2	5
6.55	36666	5
6.55	36676.8	5
6.55	36687.6	5
6.56	36698.4	5
6.56	36709.2	5
6.56	36720	5
6.56	36730.8	5
6.56	36741.6	5
6.56	36752.4	5
6.57	36759.6	5
6.57	36770.4	5
6.57	36781.2	5
6.57	36792	5
6.57	36802.8	5
6.58	36813.6	5
6.58	36824.4	5
6.58	36835.2	5
6.58	36846	5
6.58	36856.8	5
6.58	36867.6	5
6.59	36878.4	5
6.59	36889.2	5
6.59	36900	5
6.59	36910.8	5
6.59	36921.6	5
6.59	36932.4	5
6.6	36943.2	5
6.6	36954	5
6.6	36964.8	5
6.6	36975.6	5
6.6	36986.4	5
6.61	36997.2	5
6.61	37008	5
6.61	37018.8	5
6.61	37029.6	5
6.61	37040.4	5
6.61	37051.2	5
6.62	37062	5
6.62	37072.8	5
6.62	37083.6	5
6.62	37094.4	5
6.62	37105.2	5
6.63	37116	5
6.63	37126.8	5
6.63	37137.6	5
6.63	37148.4	5
6.63	37159.2	5
6.63	37170	5
6.64	37180.8	5
6.64	37191.6	5
6.64	37202.4	5
6.64	37213.2	5
6.64	37224	5
6.64	37234.8	5
6.65	37245.6	5
6.65	37256.4	5
6.65	37267.2	5
6.65	37278	5
6.65	37288.8	5
6.66	37299.6	5
6.66	37310.4	5
6.66	37321.2	5
6.66	37332	5
6.66	37342.8	5
6.66	37353.6	5
6.67	37364.4	5
6.67	37375.2	5
6.67	37386	5
6.67	37396.8	5
6.67	37407.6	5
6.68	37418.4	5
6.68	37429.2	5
6.68	37440	5
6.68	37450.8	5
6.68	37461.6	5
6.68	37472.4	5
6.69	37483.2	5
6.69	37494	5
6.69	37504.8	5
6.69	37515.6	5
6.69	37526.4	5
6.69	37537.2	5
6.7	37548	5
6.7	37558.8	5
6.7	37569.6	5
6.7	37580.4	5
6.7	37591.2	5
6.71	37602	5
6.71	37612.8	5
6.71	37623.6	5
6.71	37634.4	5
6.71	37645.2	5
6.71	37656	5
6.72	37666.8	5
6.72	37677.6	5
6.72	37684.8	5
6.72	37695.6	5
6.72	37706.4	5
6.73	37717.2	5
6.73	37728	5
6.73	37738.8	5
6.73	37749.6	5
6.73	37760.4	5
6.73	37771.2	5
6.74	37782	5
6.74	37792.8	5
6.74	37803.6	5
6.74	37814.4	5
6.74	37825.2	5
6.74	37836	5
6.75	37846.8	5
6.75	37857.6	5
6.75	37868.4	5
6.75	37879.2	5
6.75	37890	5
6.76	37900.8	5
6.76	37911.6	5
6.76	37922.4	5
6.76	37936.8	5
6.76	37947.6	5
6.76	37958.4	5
6.77	37969.2	5
6.77	37980	5
6.77	37987.2	5
6.77	38001.6	5
6.77	38012.4	5
6.77	38023.2	5
6.78	38034	5
6.78	38044.8	5
6.78	38055.6	5
6.78	38066.4	5
6.78	38077.2	5
6.79	38088	5
6.79	38098.8	5
6.79	38109.6	5
6.79	38116.8	5
6.79	38127.6	5
6.79	38138.4	5
6.8	38149.2	5
6.8	38160	5
6.8	38170.8	5
6.8	38181.6	5
6.8	38192.4	5
6.81	38203.2	5
6.81	38214	5
6.81	38224.8	5
6.81	38235.6	5
6.81	38246.4	5
6.81	38257.2	5
6.82	38268	5
6.82	38278.8	5
6.82	38289.6	5
6.82	38300.4	5
6.82	38311.2	5
6.82	38322	5
6.83	38332.8	5
6.83	38343.6	5
6.83	38354.4	5
6.83	38365.2	5
6.83	38376	5
6.84	38386.8	5
6.84	38397.6	5
6.84	38408.4	5
6.84	38419.2	5
6.84	38430	5
6.84	38440.8	5
6.85	38451.6	5
6.85	38462.4	5
6.85	38473.2	5
6.85	38484	5
6.85	38494.8	5
6.86	38505.6	5
6.86	38516.4	5
6.86	38527.2	5
6.86	38538	5
6.86	38548.8	5
6.86	38559.6	5
6.87	38570.4	5
6.87	38581.2	5
6.87	38592	5
6.87	38602.8	5
6.87	38613.6	5
6.87	38624.4	5
6.88	38635.2	5
6.88	38646	5
6.88	38656.8	5
6.88	38667.6	5
6.88	38678.4	5
6.89	38689.2	5
6.89	38700	5
6.89	38710.8	5
6.89	38721.6	5
6.89	38732.4	5
6.89	38743.2	5
6.9	38754	5
6.9	38764.8	5
6.9	38775.6	5
6.9	38786.4	5
6.9	38797.2	5
6.91	38808	5
6.91	38818.8	5
6.91	38829.6	5
6.91	38840.4	5
6.91	38851.2	5
6.91	38862	5
6.92	38872.8	5
6.92	38883.6	5
6.92	38894.4	5
6.92	38905.2	5
6.92	38916	5
6.92	38926.8	5
6.93	38937.6	5
6.93	38948.4	5
6.93	38959.2	5
6.93	38970	5
6.93	38980.8	5
6.94	38991.6	5
6.94	39002.4	5
6.94	39013.2	5
6.94	39024	5
6.94	39034.8	5
6.94	39045.6	5
6.95	39056.4	5
6.95	39067.2	5
6.95	39078	5
6.95	39088.8	5
6.95	39099.6	5
6.96	39110.4	5
6.96	39121.2	5
6.96	39132	5
6.96	39142.8	5
6.96	39153.6	5
6.96	39164.4	5
6.97	39175.2	5
6.97	39186	5
6.97	39196.8	5
6.97	39207.6	5
6.97	39218.4	5
6.97	39229.2	5
6.98	39240	5
6.98	39250.8	5
6.98	39261.6	5
6.98	39272.4	5
6.98	39283.2	5
6.99	39294	5
6.99	39304.8	5
6.99	39315.6	5
6.99	39326.4	5
6.99	39337.2	5
6.99	39348	5
7	39358.8	5
7	39369.6	5
7	39380.4	5
7	39391.2	5
7	39402	5
7.01	39412.8	5
7.01	39423.6	5
7.01	39434.4	5
7.01	39445.2	5
7.01	39456	5
7.01	39466.8	5
7.02	39477.6	5
7.02	39488.4	5
7.02	39499.2	5
7.02	39510	5
7.02	39520.8	5
7.02	39531.6	5
7.03	39542.4	5
7.03	39553.2	5
7.03	39560.4	5
7.03	39571.2	5
7.03	39582	5
7.04	39592.8	5
7.04	39603.6	5
7.04	39614.4	5
7.04	39625.2	5
7.04	39636	5
7.04	39646.8	5
7.05	39657.6	5
7.05	39668.4	5
7.05	39679.2	5
7.05	39690	5
7.05	39700.8	5
7.06	39711.6	5
7.06	39722.4	5
7.06	39733.2	5
7.06	39744	5
7.06	39754.8	5
7.06	39765.6	5
7.07	39776.4	5
7.07	39787.2	5
7.07	39798	5
7.07	39808.8	5
7.07	39819.6	5
7.07	39830.4	5
7.08	39841.2	5
7.08	39852	5
7.08	39862.8	5
7.08	39873.6	5
7.08	39884.4	5
7.09	39895.2	5
7.09	39906	5
7.09	39916.8	5
7.09	39927.6	5
7.09	39938.4	5
7.09	39949.2	5
7.1	39960	5
7.1	39970.8	5
7.1	39981.6	5
7.1	39992.4	5
7.1	40003.2	5
7.11	40014	5
7.11	40024.8	5
7.11	40035.6	5
7.11	40046.4	5
7.11	40057.2	5
7.11	40068	5
7.12	40078.8	5
7.12	40089.6	5
7.12	40100.4	5
7.12	40111.2	5
7.12	40122	5
7.12	40132.8	5
7.13	40143.6	5
7.13	40154.4	5
7.13	40165.2	5
7.13	40176	5
7.13	40186.8	5
7.14	40197.6	5
7.14	40208.4	5
7.14	40219.2	5
7.14	40230	5
7.14	40240.8	5
7.14	40251.6	5
7.15	40262.4	5
7.15	40273.2	5
7.15	40284	5
7.15	40294.8	5
7.15	40305.6	5
7.16	40316.4	5
7.16	40327.2	5
7.16	40338	5
7.16	40348.8	5
7.16	40359.6	5
7.16	40370.4	5
7.17	40381.2	5
7.17	40392	5
7.17	40402.8	5
7.17	40413.6	5
7.17	40420.8	5
7.17	40431.6	5
7.18	40442.4	5
7.18	40453.2	5
7.18	40464	5
7.18	40474.8	5
7.18	40485.6	5
7.19	40496.4	5
7.19	40507.2	5
7.19	40518	5
7.19	40528.8	5
7.19	40539.6	5
7.19	40550.4	5
7.2	40561.2	5
7.2	40572	5
7.2	40582.8	5
7.2	40593.6	5
7.2	40604.4	5
7.21	40615.2	5
7.21	40626	5
7.21	40636.8	5
7.21	40647.6	5
7.21	40658.4	5
7.21	40669.2	5
7.22	40680	5
7.22	40690.8	5
7.22	40701.6	5
7.22	40712.4	5
7.22	40723.2	5
7.22	40734	5
7.23	40744.8	5
7.23	40755.6	5
7.23	40766.4	5
7.23	40777.2	5
7.23	40788	5
7.24	40798.8	5
7.24	40809.6	5
7.24	40820.4	5
7.24	40831.2	5
7.24	40842	5
7.24	40852.8	5
7.25	40863.6	5
7.25	40874.4	5
7.25	40885.2	5
7.25	40896	5
7.25	40906.8	5
7.26	40917.6	5
7.26	40928.4	5
7.26	40939.2	5
7.26	40950	5
7.26	40960.8	5
7.26	40971.6	5
7.27	40982.4	5
7.27	40993.2	5
7.27	41004	5
7.27	41014.8	5
7.27	41025.6	5
7.27	41036.4	5
7.28	41047.2	5
7.28	41058	5
7.28	41068.8	5
7.28	41079.6	5
