0,116
0,344
0,572
0,800
0,1036
0,1308
0,1580
0,1856
0,2132
0,2408
0,2680
0,2952
0,3232
0,3504
0,3776
0,4048
0,4328
0,4600
0,4872
0,5152
0,5424
0,5700
0,5972
0,6252
0,6524
0,6796
0,7072
0,7352
0,7624
0,7896
0,8172
0,8452
0,8724
0,8996
0,9276
0,9548
0,9824
0,10096
0,10420
0,10736
0,11052
0,11372
0,11688
0,12004
0,12328
0,12644
0,12960
0,13276
0,13600
0,13916
0,14232
0,14556
0,14872
0,15188
0,15512
0,15828
0,16144
0,16468
0,16784
0,17100
0,17424
0,17740
0,18056
0,18372
0,18696
0,19012
0,19332
0,19652
0,19968
0,20288
0,20608
0,20924
0,21240
0,21564
0,21880
0,22196
0,22516
0,22836
0,23152
0,23472
0,23792
0,24112
0,24428
0,24752
0,25068
0,25384
0,25708
0,26024
0,26340
0,26660
0,26980
0,27296
0,27612
0,27932
0,28252
0,28568
0,28892
0,29208
0,29524
0,29844
0,30164
0,30480
0,30804
0,31120
0,31436
0,31760
0,32076
0,32392
0,32708
0,33032
0,33348
0,33664
0,33988
0,34304
0,34624
0,34944
0,35264
0,35580
0,35904
0,36220
0,36536
0,36852
0,37176
0,37492
0,37812
0,38136
0,38452
0,38768
0,39092
0,39408
0,39724
0,40048
0,40364
0,40680
0,41004
0,41320
0,41636
0,41952
0,42276
0,42592
0,42908
0,43232
0,43548
0,43864
0,44188
0,44504
0,44820
0,45144
0,45460
0,45776
0,46100
0,46416
0,46732
0,47052
0,47372
0,47692
0,48008
0,48328
0,48648
0,48964
0,49284
0,49600
0,49920
0,50240
0,50560
0,50876
0,51192
0,51520
0,51836
0,52152
0,52476
0,52792
0,53108
0,53432
0,53752
0,54068
0,54392
0,54708
0,55028
0,55352
0,55668
0,55984
0,56304
0,56628
0,56944
0,57264
0,57584
0,57904
0,58220
0,58544
0,58864
0,59180
0,59504
0,59820
0,60140
0,60464
0,60780
0,61100
0,61416
0,61744
0,62060
0,62376
0,62700
0,63020
0,63336
0,63660
0,63980
0,64296
0,64620
0,64936
0,65252
0,65576
0,65896
0,66212
0,66528
0,66852
0,67168
0,67488
0,67812
0,68128
0,68444
0,68768
0,69084
0,69404
0,69728
0,70044
0,70360
0,70684
0,71004
0,71320
0,71640
0,71964
0,72280
0,72600
0,72920
0,73240
0,73556
0,73880
0,74200
0,74516
0,74840
0,75156
0,75476
0,75800
0,76120
0,76436
0,76756
0,77080
0,77396
0,77716
0,78040
0,78356
0,78676
0,79000
0,79316
0,79636
0,79960
0,80276
0,80596
0,80920
0,81236
0,81552
0,81872
0,82196
0,82512
0,82828
0,83152
0,83468
0,83788
0,84108
0,84428
0,84744
0,85068
0,85384
0,85700
0,86024
0,86340
0,86660
0,86976
0,87300
0,87616
0,87936
0,88256
0,88576
0,88892
0,89216
0,89532
0,89852
0,90176
0,90492
0,90808
0,91124
0,91448
0,91768
0,92084
0,92408
0,92724
0,93044
0,93368
0,93684
0,94000
0,94324
0,94644
0,94960
0,95284
0,95600
0,95920
0,96236
0,96560
0,96880
0,97196
0,97520
0,97836
0,98156
0,98480
0,98796
0,99112
0,99436
0,99756
0,100076
0,100440
0,100800
0,101160
0,101528
0,101888
0,102252
0,102620
0,102976
0,103336
0,103704
0,104064
0,104424
0,104788
0,105148
0,105516
0,105876
0,106236
0,106604
0,106964
0,107324
0,107688
0,108048
0,108408
0,108776
0,109136
0,109496
0,109864
0,110224
0,110584
0,110952
0,111312
0,111680
0,112040
0,112400
0,112768
0,113128
0,113488
0,113852
0,114216
0,114576
0,114944
0,115304
0,115664
0,116032
0,116392
0,116756
0,117120
0,117480
0,117848
0,118208
0,118568
0,118932
0,119296
0,119656
0,120024
0,120384
0,120744
0,121112
0,121472
0,121836
0,122200
0,122564
0,122928
0,123288
0,123648
0,124016
0,124376
0,124736
0,125104
0,125464
0,125824
0,126192
0,126552
0,126916
0,127280
0,127644
0,128012
0,128368
0,128728
0,129092
0,129452
0,129812
0,130180
0,130540
0,130900
0,131268
0,131628
0,131988
0,132356
0,132716
0,133076
0,133444
0,133804
0,134168
0,134528
0,134888
0,135256
0,135616
0,135976
0,136344
0,136704
0,137064
0,137432
0,137792
0,138152
0,138520
0,138880
0,139240
0,139608
0,139968
0,140336
0,140696
0,141060
0,141424
0,141788
0,142148
0,142516
0,142876
0,143236
0,143604
0,143964
0,144328
0,144692
0,145052
0,145420
0,145780
0,146140
0,146508
0,146868
0,147228
0,147596
0,147956
0,148320
0,148684
0,149044
0,149408
0,149772
0,150136
0,150496
0,150864
0,151224
0,151592
0,151952
0,152316
0,152684
0,153044
0,153408
0,153776
0,154136
0,154496
0,154864
0,155224
0,155584
0,155952
0,156312
0,156680
0,157040
0,157404
0,157768
0,158132
0,158492
0,158860
0,159220
0,159580
0,159948
0,160312
0,160672
0,161040
0,161400
0,161760
0,162124
0,162488
0,162852
0,163212
0,163576
0,163940
0,164300
0,164660
0,165028
0,165388
0,165748
0,166112
0,166476
0,166832
0,167200
0,167560
0,167920
0,168288
0,168648
0,169012
0,169372
0,169732
0,170100
0,170460
0,170820
0,171184
0,171548
0,171908
0,172272
0,172636
0,172996
0,173364
0,173724
0,174092
0,174448
0,174808
0,175176
0,175536
0,175900
0,176264
0,176628
0,176988
0,177352
0,177716
0,178076
0,178444
0,178804
0,179164
0,179532
0,179892
0,180260
0,180620
0,180980
0,181344
0,181708
0,182068
0,182436
0,182796
0,183156
0,183524
0,183884
0,184244
0,184612
0,184972
0,185332
0,185700
0,186060
0,186428
0,186788
0,187148
0,187516
0,187876
0,188240
0,188604
0,188968
0,189328
0,189696
0,190056
0,190416
0,190784
0,191144
0,191512
0,191876
0,192236
0,192604
0,192964
0,193324
0,193692
0,194052
0,194412
0,194780
0,195140
0,195500
0,195868
0,196228
0,196588
0,196956
0,197320
0,197684
0,198044
0,198408
0,198772
0,199136
0,199496
0,199864
0,200224
0,200584
0,200952
0,201316
0,201676
0,202044
0,202404
0,202772
0,203132
0,203492
0,203860
0,204224
0,204584
0,204952
0,205312
0,205672
0,206036
0,206400
0,206756
0,207124
0,207484
0,207844
0,208212
0,208572
0,208936
0,209296
0,209656
0,210024
0,210384
0,210744
0,211112
0,211472
0,211832
0,212200
0,212560
0,212920
0,213288
0,213648
0,214008
0,214376
0,214736
0,215104
0,215464
0,215824
0,216192
0,216552
0,216912
0,217280
0,217640
0,218000
0,218368
0,218728
0,219088
0,219456
0,219816
0,220184
0,220544
0,220908
0,221272
0,221632
0,221996
0,222364
0,222724
0,223084
0,223452
0,223812
0,224176
0,224544
0,224904
0,225264
0,225632
0,225992
0,226360
0,226720
0,227080
0,227448
0,227808
0,228168
0,228536
0,228896
0,229256
0,229624
0,229984
0,230348
0,230716
0,231076
0,231444
0,231804
0,232164
0,232532
0,232892
0,233256
0,233620
0,233984
0,234344
0,234712
0,235072
0,235436
0,235804
0,236164
0,236524
0,236892
0,237252
0,237620
0,237980
0,238344
0,238712
0,239072
0,239436
0,239804
0,240164
0,240524
0,240892
0,241252
0,241616
0,241980
0,242344
0,242708
0,243072
0,243432
0,243800
0,244160
0,244524
0,244888
0,245252
0,245612
0,245980
0,246340
0,246700
0,247068
0,247428
0,247788
0,248156
0,248516
0,248884
0,249244
0,249608
0,249972
0,250332
0,250696
0,251064
0,251424
0,251784
0,252152
0,252516
0,252876
0,253244
0,253604
0,253972
0,254332
0,254696
0,255064
0,255424
0,255788
0,256156
0,256516
0,256876
0,257240
0,257600
0,257960
0,258328
0,258688
0,259048
0,259412
0,259772
0,260140
0,260500
0,260860
0,261228
0,261588
0,261948
0,262316
0,262676
0,263036
0,263404
0,263764
0,264128
0,264492
0,264852
0,265212
0,265580
0,265944
0,266308
0,266668
0,267032
0,267396
0,267760
0,268120
0,268484
0,268848
0,269208
0,269572
0,269932
0,270296
0,270660
0,271024
0,271392
0,271752
0,272112
0,272480
0,272840
0,273200
0,273568
0,273928
0,274288
0,274656
0,275016
0,275380
0,275744
0,276108
0,276468
0,276836
0,277196
0,277564
0,277924
0,278288
0,278656
0,279016
0,279376
0,279744
0,280108
0,280468
0,280836
0,281196
0,281560
0,281928
0,282288
0,282652
0,283016
0,283376
0,283744
0,284104
0,284464
0,284832
0,285196
0,285556
0,285924
0,286284
0,286648
0,287016
0,287376
0,287736
0,288104
0,288464
0,288832
0,289192
0,289552
0,289920
0,290280
0,290640
0,291008
0,291368
0,291728
0,292096
0,292460
0,292820
0,293188
0,293548
0,293916
0,294276
0,294640
0,295008
0,295368
0,295728
0,296096
0,296456
0,296820
0,297184
0,297548
0,297908
0,298276
0,298636
0,299000
0,299368
0,299728
0,300096
0,300456
0,300820
0,301188
0,301548
0,301912
0,302280
0,302640
0,303004
0,303372
0,303732
0,304096
0,304464
0,304824
0,305192
0,305552
0,305916
0,306284
0,306648
0,307008
0,307380
0,307740
0,308100
0,308468
0,308828
0,309188
0,309556
0,309916
0,310284
0,310648
0,311008
0,311376
0,311740
0,312100
0,312468
0,312828
0,313192
0,313560
0,313920
0,314284
0,314652
0,315012
0,315372
0,315740
0,316104
0,316472
0,316836
0,317196
0,317564
0,317928
0,318288
0,318656
0,319020
0,319380
0,319752
0,320112
0,320472
0,320840
0,321200
0,321568
0,321928
0,322288
0,322656
0,323016
0,323376
0,323744
0,324104
0,324468
0,324832
0,325196
0,325556
0,325924
0,326284
0,326648
0,327012
0,327376
0,327744
0,328104
0,328464
0,328828
0,329188
0,329548
0,329916
0,330276
0,330636
0,331004
0,331364
0,331728
0,332092
0,332456
0,332820
0,333180
0,333540
0,333908
0,334268
0,334628
0,334996
0,335356
0,335720
0,336084
0,336444
0,336808
0,337172
0,337532
0,337896
0,338260
0,338624
0,338988
0,339348
0,339712
0,340076
0,340440
0,340800
0,341164
0,341524
0,341888
0,342252
0,342616
0,342976
0,343344
0,343704
0,344072
0,344432
0,344796
0,345160
0,345524
0,345884
0,346252
0,346612
0,346972
0,347340
0,347704
0,348064
0,348432
0,348792
0,349156
0,349520
0,349884
0,350248
0,350612
0,350972
0,351340
0,351700
0,352064
0,352432
0,352792
0,353152
0,353520
0,353880
0,354244
0,354608
0,354972
0,355340
0,355700
0,356060
0,356428
0,356788
0,357152
0,357520
0,357880
0,358244
0,358612
0,358972
0,359332
0,359700
0,360060
0,360420
0,360788
0,361148
0,361516
0,361880
0,362240
0,362604
0,362968
0,363328
0,363696
0,364056
0,364416
0,364784
0,365148
0,365508
0,365876
0,366236
0,366604
0,366964
0,367328
0,367696
0,368056
0,368420
0,368784
0,369148
0,369508
0,369876
0,370236
0,370596
0,370964
0,371328
0,371688
0,372052
0,372416
0,372784
0,373144
0,373504
0,373872
0,374236
0,374596
0,374964
0,375324
0,375688
0,376052
0,376416
0,376776
0,377144
0,377508
0,377876
0,378236
0,378600
0,378968
0,379328
0,379688
0,380056
0,380416
0,380780
0,381148
0,381508
0,381872
0,382240
0,382600
0,382964
0,383332
0,383696
0,384064
0,384424
0,384784
0,385152
0,385512
0,385872
0,386240
0,386600
0,386964
0,387328
0,387692
0,388052
0,388420
0,388780
0,389148
0,389508
0,389872
0,390240
0,390600
0,390960
0,391328
0,391688
0,392052
0,392416
0,392780
0,393140
0,393508
0,393872
0,394232
0,394600
0,394960
0,395328
0,395692
0,396052
0,396420
0,396784
0,397144
0,397512
0,397876
0,398236
0,398604
0,398968
0,399328
0,399700
0,400060
0,400428
0,400788
0,401148
0,401516
0,401876
0,402240
0,402608
0,402968
0,403328
0,403696
0,404056
0,404420
0,404788
0,405148
0,405516
0,405876
0,406240
0,406608
0,406968
0,407332
0,407700
0,408060
0,408420
0,408788
0,409152
0,409512
0,409884
0,410244
0,410600
0,410968
0,411328
0,411696
0,412056
0,412416
0,412780
0,413144
0,413504
0,413872
0,414232
0,414592
0,414960
0,415320
0,415680
0,416048
0,416408
0,416772
0,417132
0,417496
0,417860
0,418220
0,418584
0,418948
0,419308
0,419672
0,420040
0,420400
0,420760
0,421124
0,421484
0,421848
0,422212
0,422576
0,422940
0,423300
0,423664
0,424032
0,424392
0,424752
0,425120
0,425480
0,425840
0,426208
0,426568
0,426928
0,427296
0,427656
0,428016
0,428384
0,428748
0,429116
0,429476
0,429836
0,430204
0,430564
0,430928
0,431292
0,431656
0,432016
0,432384
0,432744
0,433104
0,433472
0,433836
0,434200
0,434564
0,434924
0,435292
0,435652
0,436012
0,436380
0,436740
0,437104
0,437472
0,437832
0,438192
0,438560
0,438920
0,439284
0,439652
0,440012
0,440380
0,440740
0,441100
0,441468
0,441832
0,442192
0,442560
0,442920
0,443280
0,443648
0,444008
0,444372
0,444740
0,445100
0,445468
0,445828
0,446192
0,446560
0,446920
0,447280
0,447648
0,448012
0,448372
0,448740
0,449100
0,449460
0,449828
0,450188
0,450552
0,450920
0,451280
0,451648
0,452008
0,452368
0,452736
0,453096
0,453460
0,453824
0,454188
0,454548
0,454916
0,455276
0,455640
0,456008
0,456368
0,456736
0,457096
0,457456
0,457824
0,458188
0,458548
0,458916
0,459276
0,459640
0,460008
0,460368
0,460732
0,461100
0,461460
0,461820
0,462188
0,462548
0,462916
0,463280
0,463640
0,464008
0,464368
0,464728
0,465096
0,465456
0,465820
0,466188
0,466548
0,466908
0,467276
0,467636
0,468004
0,468368
0,468728
0,469096
0,469456
0,469820
0,470188
0,470548
0,470912
0,471280
0,471640
0,472004
0,472368
0,472732
0,473100
0,473460
0,473824
0,474192
0,474552
0,474916
0,475284
0,475644
0,476004
0,476372
0,476736
0,477096
0,477464
0,477828
0,478188
0,478556
0,478920
0,479288
0,479652
0,480012
0,480380
0,480740
0,481104
0,481472
0,481832
0,482192
0,482560
0,482920
0,483280
0,483648
0,484012
0,484376
0,484740
0,485100
0,485468
0,485832
0,486192
0,486560
0,486924
0,487284
0,487652
0,488012
0,488372
0,488740
0,489100
0,489464
0,489832
0,490192
0,490560
0,490924
0,491284
0,491652
0,492012
0,492376
0,492740
0,493104
0,493464
0,493832
0,494192
0,494556
0,494920
0,495284
0,495652
0,496012
0,496372
0,496740
0,497100
0,497464
0,497832
0,498192
0,498552
0,498920
0,499284
0,499644
0,500012
0,500372
0,500732
0,501100
0,501464
0,501832
0,502192
0,502556
0,502924
0,503284
0,503648
0,504016
0,504376
0,504736
0,505104
0,505468
0,505828
0,506196
0,506560
0,506928
0,507288
0,507652
0,508020
0,508380
0,508744
0,509112
0,509472
0,509836
0,510204
0,510568
0,510928
0,511300
0,511660
0,512032
0,512392
0,512752
0,513116
0,513476
0,513840
0,514204
0,514564
0,514924
0,515292
0,515652
0,516012
0,516380
0,516740
0,517100
0,517468
0,517832
0,518196
0,518560
0,518920
0,519288
0,519648
0,520008
0,520376
0,520736
0,521096
0,521464
0,521824
0,522188
0,522552
0,522916
0,523284
0,523644
0,524004
0,524372
0,524732
0,525092
0,525460
0,525820
0,526184
0,526548
0,526912
0,527272
0,527640
0,528000
0,528360
0,528728
0,529088
0,529456
0,529816
0,530180
0,530548
0,530908
0,531272
0,531636
0,532000
0,532360
0,532728
0,533088
0,533452
0,533816
0,534180
0,534548
0,534908
0,535268
0,535636
0,536000
0,536360
0,536728
0,537088
0,537448
0,537816
0,538176
0,538540
0,538908
0,539268
0,539628
0,539996
0,540356
0,540724
0,541088
0,541448
0,541816
0,542176
0,542540
0,542908
0,543268
0,543632
0,544000
0,544360
0,544720
0,545088
0,545448
0,545816
0,546176
0,546536
0,546904
0,547268
0,547628
0,547996
0,548356
0,548720
0,549088
0,549448
0,549812
0,550180
0,550540
0,550904
0,551268
0,551632
0,552000
0,552360
0,552724
0,553092
0,553452
0,553816
0,554180
0,554544
0,554904
0,555272
0,555636
0,555996
0,556364
0,556728
0,557096
0,557460
0,557820
0,558188
0,558552
0,558912
0,559280
0,559644
0,560004
0,560372
0,560736
0,561096
0,561464
0,561824
0,562192
0,562556
0,562920
0,563288
0,563648
0,564008
0,564376
0,564736
0,565096
0,565464
0,565828
0,566188
0,566556
0,566916
0,567280
0,567648
0,568008
0,568376
0,568736
0,569100
0,569468
0,569828
0,570192
0,570560
0,570920
0,571284
0,571648
0,572012
0,572372
0,572744
0,573104
0,573476
0,573836
0,574196
0,574564
0,574928
0,575288
0,575656
0,576020
0,576380
0,576744
0,577108
0,577468
0,577836
0,578196
0,578556
0,578928
0,579288
0,579656
0,580016
0,580376
0,580744
0,581104
0,581468
0,581836
0,582196
0,582560
0,582928
0,583288
0,583652
0,584020
0,584380
0,584748
0,585108
0,585472
0,585840
0,586200
0,586564
0,586928
0,587292
0,587652
0,588020
0,588384
0,588744
0,589116
0,589476
0,589844
0,590204
0,590568
0,590936
0,591296
0,591660
0,592028
0,592388
0,592752
0,593120
0,593480
0,593844
0,594212
0,594572
0,594936
0,595304
0,595664
0,596032
0,596392
0,596756
0,597124
0,597488
0,597848
0,598216
0,598580
0,598940
0,599308
0,599672
0,600036
0,600404
0,600764
0,601132
0,601496
0,601856
0,602224
0,602588
0,602948
0,603316
0,603680
0,604040
0,604412
0,604772
0,605136
0,605504
0,605864
0,606232
0,606596
0,606960
0,607328
0,607688
0,608052
0,608420
0,608780
0,609144
0,609512
0,609876
0,610236
0,610604
0,610968
0,611336
0,611700
0,612060
0,612428
0,612792
0,613156
0,613524
0,613888
0,614252
0,614620
0,614980
0,615340
0,615708
0,616072
0,616432
0,616800
0,617160
0,617528
0,617892
0,618252
0,618620
0,618980
0,619344
0,619712
0,620072
0,620436
0,620804
0,621164
0,621524
0,621892
0,622256
0,622624
0,622984
0,623348
0,623716
0,624080
0,624440
0,624808
0,625168
0,625532
0,625900
0,626260
0,626624
0,626992
0,627356
0,627724
0,628084
0,628444
0,628812
0,629176
0,629536
0,629904
0,630268
0,630632
0,631000
0,631360
0,631724
0,632092
0,632456
0,632816
0,633184
0,633548
0,633916
0,634280
0,634644
0,635012
0,635376
0,635736
0,636104
0,636468
0,636832
0,637200
0,637560
0,637924
0,638292
0,638656
0,639024
0,639388
0,639752
0,640120
0,640480
0,640840
0,641208
0,641568
0,641928
0,642296
0,642656
0,643016
0,643384
0,643744
0,644112
0,644476
0,644836
0,645204
0,645564
0,645924
0,646292
0,646652
0,647016
0,647384
0,647744
0,648104
0,648472
0,648832
0,649196
0,649564
0,649924
0,650292
0,650652
0,651016
0,651384
0,651744
0,652108
0,652476
0,652836
0,653200
0,653564
0,653928
0,654288
0,654656
0,655020
0,655388
0,655748
0,656108
0,656476
0,656836
0,657196
0,657564
0,657924
0,658284
0,658652
0,659012
0,659372
0,659740
0,660100
0,660460
0,660828
0,661188
0,661556
0,661916
0,662280
0,662648
0,663008
0,663368
0,663736
0,664096
0,664460
0,664824
0,665188
0,665548
0,665916
0,666276
0,666644
0,667004
0,667364
0,667732
0,668092
0,668452
0,668820
0,669180
0,669544
0,669908
0,670272
0,670632
0,671000
0,671360
0,671724
0,672092
0,672452
0,672816
0,673180
0,673540
0,673908
0,674268
0,674628
0,674996
0,675360
0,675720
0,676088
0,676448
0,676808
0,677176
0,677536
0,677904
0,678264
0,678628
0,678992
0,679356
0,679716
0,680084
0,680444
0,680804
0,681172
0,681532
0,681896
0,682260
0,682624
0,682984
0,683352
0,683712
0,684080
0,684440
0,684804
0,685168
0,685532
0,685892
0,686260
0,686620
0,686984
0,687352
0,687712
0,688076
0,688440
0,688804
0,689168
0,689532
0,689892
0,690260
0,690624
0,690984
0,691352
0,691712
0,692076
0,692444
0,692804
0,693164
0,693532
0,693896
0,694256
0,694624
0,694984
0,695352
0,695716
0,696080
0,696444
0,696808
0,697168
0,697536
0,697896
0,698256
0,698624
0,698988
0,699348
0,699716
0,700076
0,700444
0,700808
0,701168
0,701536
0,701900
0,702260
0,702628
0,702992
0,703352
0,703724
0,704084
0,704444
0,704812
0,705172
0,705540
0,705904
0,706264
0,706632
0,706996
0,707356
0,707724
0,708084
0,708448
0,708816
0,709176
0,709536
0,709904
0,710268
0,710628
0,710996
0,711360
0,711728
0,712092
0,712452
0,712820
0,713180
0,713544
0,713912
0,714276
0,714636
0,715008
0,715368
0,715732
0,716100
0,716464
0,716832
0,717192
0,717552
0,717920
0,718284
0,718644
0,719012
0,719376
0,719736
0,720104
0,720464
0,720824
0,721192
0,721556
0,721916
0,722284
0,722644
0,723012
0,723376
0,723736
0,724104
0,724464
0,724828
0,725196
0,725556
0,725920
0,726288
0,726648
0,727008
0,727380
0,727740
0,728108
0,728468
0,728832
0,729200
0,729560
0,729924
0,730292
0,730652
0,731012
0,731380
0,731744
0,732108
0,732476
0,732836
0,733204
0,733568
0,733928
0,734296
0,734660
0,735024
0,735392
0,735752
0,736116
0,736484
0,736848
0,737208
0,737576
0,737936
0,738300
0,738668
0,739028
0,739396
0,739756
0,740120
0,740488
0,740848
0,741208
0,741576
0,741940
0,742300
0,742672
0,743032
0,743396
0,743760
0,744124
0,744492
0,744852
0,745212
0,745580
0,745944
0,746304
0,746672
0,747036
0,747400
0,747768
0,748128
0,748488
0,748856
0,749220
0,749588
0,749948
0,750312
0,750680
0,751040
0,751404
0,751772
0,752136
0,752496
0,752864
0,753228
0,753588
0,753956
0,754320
0,754684
0,755052
0,755412
0,755784
0,756144
0,756508
0,756876
0,757236
0,757600
0,757968
0,758332
0,758692
0,759060
0,759424
0,759784
0,760156
0,760516
0,760884
0,761248
0,761608
0,761976
0,762340
0,762700
0,763072
0,763432
0,763796
0,764164
0,764524
0,764888
0,765256
0,765620
0,765988
0,766352
0,766712
0,767084
0,767448
0,767808
0,768180
0,768540
0,768900
0,769268
0,769628
0,769988
0,770356
0,770720
0,771088
0,771448
0,771808
0,772176
0,772540
0,772900
0,773268
0,773632
0,773992
0,774360
0,774724
0,775084
0,775452
0,775816
0,776176
0,776544
0,776908
0,777276
0,777636
0,778000
0,778368
0,778728
0,779092
0,779460
0,779820
0,780184
0,780552
0,780912
0,781276
0,781644
0,782004
0,782372
0,782736
0,783096
0,783464
0,783828
0,784188
0,784556
0,784920
0,785280
0,785648
0,786008
0,786372
0,786740
0,787100
0,787472
0,787832
0,788196
0,788564
0,788924
0,789288
0,789656
0,790016
0,790380
0,790748
0,791112
0,791472
0,791844
0,792204
0,792568
0,792936
0,793300
0,793668
0,794028
0,794392
0,794760
0,795124
0,795484
0,795856
0,796216
0,796580
0,796948
0,797308
0,797672
0,798040
0,798404
0,798772
0,799136
0,799500
0,799868
0,800232
0,800592
0,800960
0,801320
0,801680
0,802048
0,802408
0,802768
0,803136
0,803500
0,803868
0,804228
0,804588
0,804956
0,805320
0,805680
0,806048
0,806412
0,806772
0,807140
0,807500
0,807864
0,808232
0,808592
0,808956
0,809324
0,809684
0,810052
0,810412
0,810776
0,811144
0,811504
0,811868
0,812236
0,812600
0,812960
0,813328
0,813692
0,814052
0,814424
0,814784
0,815152
0,815516
0,815876
0,816248
0,816608
0,816972
0,817340
0,817700
0,818064
0,818432
0,818796
0,819160
0,819528
0,819888
0,820252
0,820612
0,820976
0,821340
0,821700
0,822064
0,822428
0,822788
0,823148
0,823516
0,823880
0,824240
0,824608
0,824968
0,825328
0,825692
0,826052
0,826420
0,826780
0,827144
0,827508
0,827872
0,828232
0,828600
0,828960
0,829320
0,829688
0,830048
0,830412
0,830780
0,831140
0,831508
0,831868
0,832232
0,832596
0,832960
0,833320
0,833684
0,834044
0,834408
0,834772
0,835136
0,835496
0,835864
0,836224
0,836584
0,836952
0,837312
0,837680
0,838040
0,838404
0,838768
0,839132
0,839492
0,839860
0,840220
0,840580
0,840948
0,841308
0,841672
0,842036
0,842400
0,842764
0,843124
0,843488
0,843856
0,844216
0,844576
0,844944
0,845304
0,845668
0,846032
0,846396
0,846756
0,847124
0,847484
0,847844
0,848212
0,848572
0,848940
0,849304
0,849664
0,850032
0,850392
0,850752
0,851120
0,851484
0,851844
0,852212
0,852572
0,852932
0,853300
0,853660
0,854028
0,854392
0,854752
0,855120
0,855484
0,855844
0,856212
0,856576
0,856936
0,857304
0,857668
0,858028
0,858396
0,858756
0,859120
0,859488
0,859848
0,860216
0,860576
0,860940
0,861308
0,861668
0,862028
0,862396
0,862760
0,863120
0,863488
0,863852
0,864212
0,864580
0,864940
0,865308
0,865668
0,866028
0,866396
0,866760
0,867120
0,867488
0,867852
0,868212
0,868580
0,868940
0,869304
0,869672
0,870032
0,870396
0,870764
0,871124
0,871492
0,871856
0,872216
0,872584
0,872944
0,873308
0,873676
0,874036
0,874396
0,874764
0,875128
0,875488
0,875860
0,876220
0,876588
0,876948
0,877312
0,877680
0,878040
0,878404
0,878772
0,879132
0,879496
0,879864
0,880228
0,880588
0,880956
0,881316
0,881684
0,882044
0,882408
0,882772
0,883136
0,883496
0,883864
0,884228
0,884588
0,884956
0,885316
0,885680
0,886048
0,886408
0,886768
0,887136
0,887496
0,887864
0,888228
0,888588
0,888956
0,889320
0,889680
0,890048
0,890412
0,890772
0,891140
0,891504
0,891864
0,892232
0,892596
0,892964
0,893328
0,893688
0,894056
0,894420
0,894780
0,895148
0,895512
0,895876
0,896244
0,896604
0,896968
0,897332
0,897696
0,898064
0,898424
0,898784
0,899152
0,899516
0,899876
0,900244
0,900608
0,900968
0,901336
0,901700
0,902060
0,902428
0,902788
0,903148
0,903516
0,903880
0,904248
0,904608
0,904968
0,905336
0,905700
0,906060
0,906428
0,906788
0,907152
0,907520
0,907880
0,908244
0,908612
0,908972
0,909340
0,909700
0,910064
0,910432
0,910792
0,911156
0,911524
0,911888
0,912248
0,912616
0,912980
0,913340
0,913708
0,914072
0,914440
0,914800
0,915164
0,915532
0,915892
0,916256
0,916624
0,916988
0,917348
0,917716
0,918080
0,918440
0,918808
0,919172
0,919536
0,919904
0,920268
0,920636
0,920996
0,921360
0,921728
0,922088
0,922452
0,922816
0,923180
0,923540
0,923908
4,933324
4,933688
4,934056
4,934420
4,934780
4,935148
4,935508
4,935872
4,936256
8,941508
8,941872
8,942240
8,942604
8,942964
8,943332
12,947680
12,948084
12,948492
12,948896
12,949324
16,952672
16,953076
16,953488
16,953896
20,956956
20,957364
20,957776
20,958196
24,960776
24,961180
24,961592
28,964260
28,964672
28,965076
32,967440
32,967852
32,968256
36,970372
36,970784
36,971208
40,973168
40,973572
44,975812
44,976224
48,978284
48,978688
52,980628
52,981040
56,982896
56,983308
60,985108
60,985516
64,987148
64,987556
68,989132
68,989544
72,991064
72,991476
76,992948
76,993360
80,994792
80,995216
84,996548
84,996968
88,998252
88,998680
92,999916
92,1000336
96,1001556
96,1002024
100,1003196
104,1004744
108,1006260
112,1007748
116,1009204
120,1010632
124,1012036
128,1013412
132,1014756
136,1016076
140,1017380
144,1018652
148,1019920
152,1021148
156,1022364
160,1023560
164,1024736
168,1025892
172,1027036
176,1028168
180,1029280
184,1030368
188,1031464
192,1032532
196,1033592
200,1034636
204,1035680
208,1036692
212,1037696
216,1038700
220,1039684
224,1040660
228,1041624
232,1042592
236,1043540
240,1044476
244,1045408
248,1046336
252,1047256
256,1048160
260,1049056
264,1049948
268,1050828
272,1051708
276,1052572
280,1053424
284,1054280
288,1055132
292,1055984
296,1056812
300,1057632
304,1058452
308,1059268
312,1060076
316,1060888
320,1061680
324,1062480
328,1063272
332,1064064
336,1064832
340,1065608
344,1066372
348,1067140
352,1067892
356,1068640
360,1069392
364,1070148
368,1070876
372,1071624
376,1072340
380,1073072
384,1073792
388,1074516
392,1075236
396,1075940
400,1076644
404,1077348
408,1078036
412,1078732
416,1079432
420,1080112
424,1080796
428,1081484
432,1082156
436,1082832
440,1083508
444,1084176
448,1084840
452,1085508
456,1086160
460,1086824
464,1087468
468,1088116
472,1088768
476,1089408
480,1090056
484,1090700
488,1091332
492,1091968
496,1092596
500,1093224
504,1093848
508,1094472
512,1095092
516,1095716
520,1096320
524,1096932
528,1097548
532,1098156
536,1098784
540,1099368
544,1099984
548,1100568
552,1101164
556,1101760
560,1102352
564,1102948
568,1103524
572,1104104
576,1104684
580,1105264
584,1105836
588,1106416
592,1106992
596,1107560
600,1108132
604,1108696
608,1109256
612,1109816
616,1110380
620,1110936
624,1111516
628,1112080
632,1112636
636,1113200
640,1113756
644,1114316
648,1114888
652,1115452
656,1116008
660,1116568
668,1117496
672,1118056
676,1118632
680,1119192
684,1119752
692,1120680
696,1121236
700,1121812
704,1122376
712,1123268
716,1123828
720,1124408
728,1125324
732,1125904
736,1126468
744,1127352
748,1127932
756,1128856
760,1129424
764,1129988
772,1130856
776,1131428
784,1132324
788,1132904
796,1133792
800,1134364
808,1135240
812,1135820
820,1136692
824,1137264
832,1138116
836,1138692
844,1139536
848,1140116
856,1140956
860,1141528
868,1142360
872,1142940
880,1143756
884,1144336
892,1145136
896,1145712
904,1146512
908,1147092
916,1147876
920,1148456
928,1149232
932,1149804
940,1150584
948,1151476
953,1152056
960,1152812
968,1153688
976,1154568
984,1155436
992,1156308
1000,1157240
1008,1158092
1016,1158948
1024,1159800
1032,1160652
1040,1161500
1048,1162352
1056,1163188
1064,1164028
1072,1164860
1080,1165684
1088,1166516
1096,1167332
1104,1168148
1112,1168964
1120,1169776
1128,1170596
1136,1171400
1144,1172200
1152,1173000
1160,1173796
1168,1174600
1176,1175388
1184,1176180
1192,1176968
1200,1177756
1208,1178528
1216,1179308
1224,1180088
1232,1180864
1240,1181628
1248,1182400
1256,1183172
1264,1183940
1272,1184700
1280,1185464
1288,1186224
1296,1186988
1304,1187736
1312,1188484
1320,1189232
1328,1189988
1336,1190728
1344,1191472
1352,1192212
1360,1192952
1368,1193684
1376,1194416
1384,1195148
1392,1195876
1400,1196604
1408,1197324
1416,1198048
1424,1198764
1432,1199484
1440,1200204
1448,1200912
1456,1201624
1464,1202336
1472,1203036
1480,1203736
1488,1204444
1496,1205140
1504,1205832
1512,1206528
1520,1207220
1528,1207920
1536,1208608
1544,1209296
1552,1209980
1560,1210664
1568,1211344
1576,1212028
1584,1212708
1592,1213388
1600,1214060
1608,1214732
1616,1215404
1624,1216076
1632,1216752
1640,1217416
1648,1218084
1656,1218752
1664,1219416
1672,1220088
1680,1220756
1688,1221420
1696,1222088
1704,1222776
1712,1223440
1720,1224128
1732,1224996
1740,1225660
1748,1226332
1756,1227020
1764,1227700
1776,1228552
1784,1229224
1792,1229924
1804,1230788
1812,1231472
1820,1232160
1832,1233004
1840,1233684
1852,1234572
1860,1235260
1872,1236140
1880,1236820
1892,1237692
1900,1238392
1912,1239228
1920,1239924
1932,1240760
1940,1241460
1952,1242288
1960,1242984
1972,1243808
1980,1244508
1992,1245336
2000,1246016
2012,1246808
2020,1247508
2032,1248312
2044,1249200
2052,1249904
2064,1250688
2072,1251392
2084,1252172
2096,1253056
2108,1253940
2120,1254816
2132,1255696
2144,1256580
2156,1257444
2168,1258312
2180,1259180
2192,1260040
2204,1260920
2216,1261784
2228,1262636
2240,1263468
2252,1264340
2264,1265188
2276,1266032
2288,1266880
2300,1267716
2312,1268548
2324,1269384
2336,1270220
2348,1271052
2360,1271884
2372,1272712
2384,1273532
2396,1274352
2408,1275168
2420,1275996
2432,1276808
2444,1277620
2456,1278440
2468,1279252
2480,1280072
2492,1280876
2504,1281684
2516,1282488
2528,1283300
2540,1284120
2552,1284896
2564,1285696
2576,1286488
2588,1287304
2600,1288072
2612,1288860
2624,1289644
2636,1290452
2648,1291216
2660,1291996
2672,1292792
2684,1293572
2696,1294348
2708,1295112
2720,1295880
2732,1296660
2744,1297424
2756,1298184
2768,1298948
2780,1299720
2792,1300476
2804,1301232
2816,1301988
2828,1302752
2840,1303500
2852,1304256
2864,1305008
2876,1305768
2888,1306508
2900,1307256
2912,1308008
2924,1308756
2936,1309500
2948,1310244
2960,1310992
2972,1311724
2984,1312460
2996,1313200
3008,1313936
3020,1314664
3032,1315400
3044,1316132
3056,1316860
3068,1317592
3080,1318328
3092,1319076
3104,1319804
3120,1320696
3132,1321428
3144,1322180
3156,1322908
3172,1323796
3184,1324528
3196,1325280
3212,1326156
3224,1326884
3236,1327632
3252,1328504
3264,1329240
3276,1329996
3292,1330848
3304,1331600
3320,1332488
3332,1333228
3348,1334108
3360,1334856
3376,1335720
3388,1336472
3404,1337332
3416,1338100
3432,1338932
3448,1339844
3461,1340612
3476,1341436
3492,1342340
3508,1343236
3524,1344136
3540,1345036
3556,1345928
3572,1346832
3588,1347720
3604,1348600
3620,1349488
3636,1350376
3652,1351264
3668,1352148
3684,1353032
3700,1353920
3716,1354800
3732,1355672
3748,1356552
3764,1357424
3780,1358296
3796,1359164
3812,1360040
3828,1360920
3844,1361776
3860,1362636
3876,1363496
3892,1364352
3908,1365208
3924,1366060
3940,1366908
3956,1367752
3972,1368608
3988,1369432
4004,1370292
4020,1371116
4036,1371972
4052,1372816
4068,1373656
4084,1374500
4100,1375340
4116,1376168
4132,1377000
4148,1377836
4164,1378668
4180,1379500
4196,1380324
4212,1381148
4228,1381972
4244,1382796
4260,1383636
4276,1384432
4292,1385248
4308,1386056
4324,1386868
4340,1387704
4356,1388488
4372,1389316
4388,1390104
4404,1390908
4420,1391736
4436,1392512
4452,1393332
4468,1394120
4484,1394944
4500,1395744
4516,1396536
4532,1397336
4548,1398132
4564,1398932
4580,1399724
4596,1400524
4612,1401324
4628,1402120
4648,1403072
4664,1403864
4680,1404660
4700,1405604
4716,1406404
4733,1407200
4752,1408132
4768,1408924
4788,1409864
4804,1410664
4824,1411596
4840,1412396
4860,1413336
4876,1414128
4896,1415056
4912,1415852
4932,1416776
4948,1417576
4968,1418500
4984,1419316
5004,1420204
5024,1421144
5044,1422092
5064,1423032
5084,1423972
5104,1424904
5124,1425840
5144,1426772
5164,1427708
5184,1428640
5204,1429564
5224,1430488
5244,1431412
5264,1432340
5284,1433264
5304,1434188
5324,1435108
5344,1436028
5364,1436956
5384,1437872
5404,1438788
5424,1439688
5444,1440600
5464,1441512
5484,1442416
5504,1443316
5524,1444216
5544,1445124
5564,1446024
5584,1446920
5604,1447808
5624,1448704
5644,1449596
5664,1450488
5684,1451380
5704,1452276
5724,1453168
5744,1454052
5764,1454940
5784,1455824
5804,1456708
5824,1457588
5844,1458472
5864,1459352
5884,1460220
5904,1461092
5924,1461964
5944,1462836
5964,1463704
5984,1464576
6004,1465440
6024,1466300
6044,1467164
6064,1468032
6084,1468896
6104,1469760
6124,1470628
6144,1471484
6164,1472348
6184,1473228
6204,1474108
6224,1474972
6248,1475932
6268,1476808
6288,1477688
6312,1478640
6332,1479536
6356,1480496
6376,1481392
6400,1482348
6420,1483240
6444,1484196
6464,1485088
6488,1486064
6508,1486940
6532,1487904
6552,1488776
6576,1489716
6596,1490612
6620,1491540
6644,1492552
6668,1493544
6692,1494532
6716,1495512
6740,1496496
6764,1497480
6788,1498460
6812,1499460
6836,1500436
6860,1501416
6884,1502392
6908,1503368
6932,1504344
6956,1505316
6980,1506280
7004,1507252
7028,1508212
7052,1509180
7076,1510140
7100,1511096
7124,1512052
7148,1513008
7172,1513964
7196,1514916
7220,1515868
7244,1516820
7268,1517772
7292,1518724
7316,1519672
7340,1520612
7364,1521560
7388,1522504
7412,1523444
7436,1524380
7460,1525320
7484,1526256
7508,1527188
7532,1528124
7556,1529052
7580,1529980
7604,1530908
7628,1531832
7652,1532760
7676,1533692
7700,1534620
7724,1535564
7748,1536508
7772,1537436
7796,1538364
7824,1539368
7848,1540312
7876,1541368
7900,1542312
7928,1543336
7953,1544284
7980,1545284
8004,1546236
8032,1547240
8056,1548196
8084,1549196
8108,1550156
8136,1551152
8160,1552116
8188,1553104
8216,1554148
8244,1555208
8272,1556236
8300,1557288
8328,1558324
8356,1559360
8384,1560376
8412,1561408
8440,1562440
8468,1563488
8496,1564520
8524,1565548
8552,1566596
8580,1567604
8608,1568628
8636,1569648
8664,1570684
8692,1571704
8720,1572712
8748,1573728
8776,1574736
8804,1575732
8832,1576740
8860,1577768
8888,1578776
8916,1579784
8944,1580792
8972,1581796
9000,1582800
9028,1583800
9056,1584796
9084,1585796
9112,1586788
9140,1587780
9168,1588772
9196,1589768
9224,1590760
9252,1591752
9280,1592744
9308,1593736
9336,1594728
9364,1595740
9396,1596816
9424,1597812
9452,1598804
9484,1599896
9512,1600888
9544,1601980
9572,1602972
9604,1604060
9632,1605052
9664,1606144
9692,1607132
9724,1608220
9752,1609212
9784,1610292
9813,1611316
9844,1612360
9876,1613456
9908,1614548
9940,1615644
9972,1616732
10004,1617892
10036,1619032
10068,1620132
10104,1621320
10136,1622436
10172,1623624
10204,1624740
10240,1625920
10276,1627156
10312,1628360
10348,1629568
10384,1630768
10420,1631952
10456,1633168
10492,1634380
10528,1635580
10564,1636780
10600,1637968
10636,1639160
10672,1640352
10708,1641544
10744,1642728
10780,1643912
10816,1645084
10852,1646264
10888,1647444
10924,1648624
10960,1649812
10996,1650984
11032,1652156
11068,1653320
11104,1654484
11140,1655648
11176,1656812
11212,1657980
11248,1659144
11284,1660304
11321,1661500
11360,1662736
11396,1663900
11436,1665176
11472,1666368
11512,1667592
11549,1668784
11588,1670000
11624,1671204
11664,1672416
11700,1673612
11740,1674820
11780,1676084
11820,1677348
11860,1678640
11900,1679892
11940,1681108
11980,1682372
12020,1683644
12060,1684896
12100,1686104
12140,1687372
12180,1688636
12220,1689880
12260,1691120
12300,1692348
12340,1693580
12380,1694820
12420,1696048
12460,1697280
12500,1698504
12540,1699732
12580,1700968
12620,1702196
12661,1703456
12704,1704740
12744,1706008
12788,1707296
12828,1708556
12872,1709836
12912,1711096
12956,1712384
12996,1713644
13040,1714912
13084,1716256
13128,1717592
13172,1718872
13212,1720132
13256,1721440
13296,1722716
13340,1723960
13384,1725260
13428,1726576
13472,1727880
13516,1729176
13560,1730476
13604,1731812
13648,1733112
13692,1734372
13736,1735664
13780,1737000
13824,1738292
13868,1739584
13912,1740916
13960,1742260
14004,1743552
14048,1744876
14096,1746220
14140,1747512
14188,1748888
14232,1750216
14280,1751552
14328,1752928
14372,1754260
14420,1755584
14468,1756956
14512,1758284
14560,1759608
14608,1760976
14656,1762368
14704,1763736
14752,1765076
14800,1766464
14848,1767844
14896,1769164
14944,1770532
14992,1771924
15040,1773280
15088,1774644
15136,1776000
15188,1777420
15236,1778800
15284,1780156
15336,1781588
15384,1782952
15433,1784340
15484,1785728
15532,1787124
15584,1788560
15636,1790008
15688,1791452
15740,1792892
15792,1794332
15844,1795764
15896,1797216
15948,1798644
16000,1800044
16052,1801496
16104,1802900
16156,1804368
16208,1805768
16260,1807204
16312,1808632
16368,1810136
16420,1811560
16476,1813072
16532,1814596
16584,1816016
16640,1817508
16696,1819024
16752,1820524
16808,1822032
16864,1823528
16920,1825040
16976,1826536
17032,1828040
17088,1829528
17144,1831024
17200,1832512
17256,1834004
17312,1835492
17368,1836980
17424,1838500
17484,1840040
17540,1841564
17600,1843092
17656,1844616
17716,1846148
17772,1847672
17832,1849196
17892,1850800
17952,1852360
18012,1853928
18072,1855460
18132,1857064
18192,1858620
18252,1860180
18312,1861768
18372,1863284
18432,1864872
18494,1866420
18552,1867980
18612,1869528
18672,1871116
18736,1872700
18796,1874288
18860,1875868
18920,1877456
18984,1879048
19044,1880660
19108,1882284
19172,1883864
19236,1885484
19300,1887064
19364,1888724
19428,1890344
19492,1891960
19556,1893612
19624,1895264
19688,1896884
19752,1898536
19816,1900152
19884,1901848
19948,1903524
20016,1905180
20084,1906876
20152,1908564
20220,1910292
20288,1911976
20356,1913656
20424,1915344
20492,1917028
20560,1918704
20628,1920424
20700,1922136
20768,1923848
20840,1925568
20908,1927284
20980,1928992
21048,1930704
21120,1932452
21192,1934164
21264,1935912
21336,1937660
21408,1939404
21480,1941152
21552,1942932
21628,1944724
21700,1946464
21772,1948284
21848,1950112
21924,1951932
22000,1953748
22072,1955528
22144,1957344
22220,1959156
22296,1961004
22372,1962808
22448,1964632
22528,1966564
22608,1968460
22688,1970352
22768,1972200
22848,1974088
22924,1976016
23000,1977892
23080,1979768
23164,1981692
23244,1983648
23320,1985488
23400,1987400
23480,1989308
23564,1991224
23644,1993172
23724,1995128
23808,1997080
23890,1999020
23976,2001008
24058,2002908
24136,2004856
24220,2006872
24304,2008848
24392,2010872
24476,2012852
24552,2014856
24640,2016864
24728,2018872
24812,2020844
24892,2022848
24980,2024888
25068,2026892
25158,2028932
25244,2031020
25332,2033136
25420,2035176
25512,2037264
25604,2039360
25680,2041436
25772,2043512
25864,2045616
25954,2047716
26032,2049876
26124,2052016
26220,2054164
26312,2056296
26392,2058396
26480,2060528
26576,2062660
26672,2064828
26760,2066960
26844,2069092
26940,2071296
27036,2073460
27128,2075628
27212,2077828
27308,2080028
27408,2082296
27500,2084504
27584,2086732
27684,2088968
27784,2091228
27864,2093460
27956,2095724
28060,2097984
28156,2100288
28232,2102548
28336,2104848
28440,2107176
28540,2109512
28628,2111852
28732,2114180
28836,2116536
28936,2118868
29020,2121196
29128,2123588
29236,2125992
29312,2128352
29408,2130776
29520,2133172
29616,2135564
29692,2137988
29804,2140448
29916,2142872
29988,2145372
30088,2147856
30204,2150312
30304,2152844
30392,2155332
30504,2157860
30612,2160416
30696,2162948
30808,2165540
30928,2168132
31008,2170652
31104,2173240
31224,2175856
31320,2178528
31412,2181272
31536,2183888
31632,2186544
31720,2189276
31844,2191996
31948,2194732
32040,2197452
32164,2200204
32268,2202920
32360,2205752
32484,2208500
32584,2211252
32672,2214032
32796,2216812
32896,2219624
32980,2222440
33116,2225320
33212,2228208
33304,2231088
33440,2233968
33516,2236880
33628,2239824
33756,2242812
33828,2245840
33956,2248816
34060,2251872
34144,2254924
34284,2257964
34360,2261124
34480,2264196
34588,2267236
34673,2270340
34800,2273444
34892,2276516
34992,2279656
35120,2282904
35196,2286076
35328,2289320
35424,2292520
35520,2295752
35648,2299024
35720,2302256
35864,2305560
35944,2308856
36060,2312184
36176,2315632
36272,2319024
36404,2322384
36484,2325816
36624,2329312
36704,2332820
36838,2336384
36932,2339840
37044,2343396
37144,2346920
37252,2350548
37364,2354104
37460,2357804
37584,2361504
37672,2365188
37804,2368880
37888,2372632
38020,2376380
38108,2380272
38244,2384092
38328,2387900
38468,2391784
38548,2395728
38688,2399680
38772,2403692
38908,2407708
39004,2411852
39124,2415924
39234,2420100
39332,2424204
39456,2428476
39536,2432680
39680,2436948
39764,2441284
39896,2445612
40002,2450008
40092,2454620
40236,2459152
40320,2463676
40448,2468168
40572,2472792
40648,2477524
40792,2482164
40894,2486904
40988,2491700
41124,2496448
41208,2501260
41320,2506480
41448,2511328
41532,2516304
41628,2521280
41748,2526184
41836,2531364
41928,2536536
42056,2541640
42152,2546904
42232,2552172
42336,2557756
42460,2563184
42548,2568748
42612,2574200
42708,2579788
42812,2585336
42900,2591228
42972,2597040
43040,2602844
43124,2609288
43208,2615720
43296,2621788
43384,2630060
43464,2637256
43540,2644308
43620,2651456
43692,2657680
43768,2663940
43840,2670260
43896,2676580
43948,2683036
44004,2689424
44064,2695808
44128,2702192
44184,2708708
44252,2715092
44320,2722532
44384,2730464
44448,2737476
44508,2743924
44564,2750436
44632,2758644
44700,2765720
44760,2772368
44823,2778880
44884,2785460
44940,2792036
45000,2801188
45056,2807732
45116,2814412
45172,2822364
45228,2829504
45288,2836144
45348,2842792
45408,2849432
45464,2856080
45524,2862720
45584,2871968
45644,2878964
45696,2886096
45752,2893092
45808,2899732
45867,2906440
45924,2913080
45984,2921272
46040,2928404
46092,2935464
46144,2942528
46200,2949656
46252,2956368
46308,2963072
46368,2969784
46424,2976484
46480,2984884
46536,2991944
46588,2998720
46640,3005424
46700,3013188
46748,3019964
46804,3027232
46856,3033936
46912,3041416
46956,3048120
47016,3055456
47068,3062296
47128,3069568
47176,3076408
47228,3083112
47280,3089888
47340,3097896
47396,3104952
47448,3111976
47504,3118956
47556,3126048
47604,3132824
47655,3139560
47708,3146332
47764,3154308
47808,3161076
47860,3167852
47916,3175464
47968,3182240
48024,3189508
48076,3196348
48128,3203052
48180,3210668
48232,3217792
48284,3224808
48336,3231936
48384,3238672
48444,3245920
48496,3253064
48544,3259904
48596,3266676
48648,3274156
48700,3281280
48748,3287984
48804,3295424
48856,3302372
48908,3309492
48956,3316264
49008,3323040
49064,3330652
49116,3337740
49164,3344548
49216,3351252
49268,3358088
49319,3364856
49372,3371628
49428,3380056
49479,3386860
49532,3394160
49576,3400968
49628,3407732
49680,3415344
49732,3422328
49784,3429400
49836,3436152
49888,3443588
49940,3450604
49992,3457376
50040,3464620
50096,3471760
50148,3478812
50204,3485828
50251,3492564
50304,3499404
50356,3506944
50408,3513784
50460,3520608
50512,3527360
50568,3535220
50620,3542272
50668,3549324
50716,3556092
50764,3562868
50820,3569636
50872,3576476
50924,3583316
50976,3591604
51028,3598688
51080,3605740
51136,3612792
51188,3619564
51240,3626336
51296,3633812
51344,3640968
51392,3648020
51448,3655040
51500,3662124
51552,3669208
51600,3675976
51656,3683236
51708,3690356
51760,3697376
51812,3704424
51856,3711228
51912,3718524
51960,3725260
52012,3732096
52064,3738936
52120,3746688
52168,3753808
52212,3760856
52260,3767692
52312,3774952
52360,3781792
52416,3789048
52464,3796096
52516,3803072
52564,3809912
52616,3816812
52664,3823580
52716,3830484
52768,3837388
52820,3845348
52872,3852184
52928,3859364
52980,3866268
53032,3873104
53080,3880008
53128,3886840
53180,3893740
53232,3901700
53284,3908532
53332,3915860
53384,3922692
53428,3929596
53483,3936564
53536,3944032
53584,3950932
53632,3958120
53680,3965164
53728,3972028
53776,3979176
53824,3986080
53876,3992980
53932,4000304
53976,4007204
54032,4014460
54076,4021504
54120,4028332
54168,4035236
54216,4042136
54268,4049704
54319,4056640
54368,4063540
54424,4070792
54472,4077696
54520,4084592
54572,4091844
54620,4098956
54668,4105856
54716,4112756
54760,4119720
54816,4127132
54868,4134172
54916,4141232
54964,4148096
55016,4155272
55068,4162172
55116,4169356
55160,4176324
55212,4183224
55264,4190508
55316,4197548
55364,4204412
55416,4211560
55468,4218492
55516,4225396
55564,4232748
55616,4239684
55664,4246652
55720,4253868
55768,4260836
55816,4267772
55868,4274672
55920,4282024
55968,4289068
56020,4296072
56068,4303112
56116,4310008
56168,4316912
56220,4324252
56276,4331308
56324,4338240
56376,4345356
56424,4352320
56472,4359152
56520,4366052
56576,4373476
56628,4380568
56676,4387520
56728,4394664
56772,4401704
56824,4408740
56872,4415676
56924,4422836
56976,4429756
57024,4436720
57076,4443936
57124,4450904
57168,4457836
57220,4464872
57272,4472084
57324,4479152
57368,4486120
57416,4493192
57464,4500192
57516,4507300
57564,4514304
57612,4521340
57663,4528276
57716,4535448
57768,4542344
57820,4549492
57872,4556560
57920,4563528
57968,4570492
58016,4577460
58072,4584704
58124,4591808
58175,4598704
58228,4605808
58276,4612772
58324,4619740
58376,4626776
58432,4633916
58480,4640916
58532,4647812
58584,4655024
58636,4662092
58684,4669128
58732,4676148
58780,4683128
58828,4690164
58876,4697060
58928,4704092
58980,4711340
59032,4718376
59084,4725408
59128,4732376
59176,4739408
59228,4746512
59278,4753512
59327,4760440
59380,4767612
59428,4774644
59476,4781676
59528,4788708
59580,4795808
59628,4802908
59678,4809940
59726,4816924
59780,4823936
59832,4831000
59880,4838064
59932,4845132
59984,4852196
60034,4859228
60092,4867384
60144,4874416
60192,4881376
60244,4888544
60296,4895648
60348,4902748
60400,4909780
60456,4916880
60504,4923912
60560,4931012
60612,4938044
60664,4945496
60712,4952592
60760,4959624
60812,4966720
60864,4973752
60916,4980848
60964,4988016
61016,4995184
61068,5002212
61120,5009244
61172,5016340
61228,5023684
61276,5030748
61328,5037912
61380,5045008
61436,5052108
61488,5059280
61540,5066376
61588,5073440
61640,5080572
61696,5087672
61748,5094836
61800,5101932
61848,5109028
61896,5119076
61948,5126240
62004,5133268
62049,5140364
62100,5147460
62152,5154520
62200,5161616
62256,5169596
62308,5176692
62360,5183788
62408,5190884
62455,5197980
62508,5204940
62560,5212104
62612,5219136
62660,5226232
62712,5233816
62764,5240988
62816,5248084
62872,5255108
62920,5262204
62972,5269368
63024,5276532
63076,5283700
63128,5290796
63180,5297960
63228,5305056
63276,5312152
63332,5319636
63380,5329888
63436,5336980
63488,5344132
63544,5352404
63596,5359568
63648,5367152
63700,5374252
63748,5381488
63804,5388656
63852,5395748
63896,5402984
63940,5410076
63992,5417172
64044,5424268
64096,5431432
64144,5438456
64188,5445548
64240,5452644
64288,5459808
64340,5466972
64396,5474136
64452,5484388
64500,5491484
64544,5498580
64600,5505708
64652,5512772
64712,5520852
64768,5527948
64824,5535112
64876,5542208
64928,5550008
64976,5557104
65028,5564268
65080,5571432
65128,5578528
65180,5585628
65236,5592856
65292,5600024
65348,5607100
65400,5614352
65452,5621480
65500,5628612
65552,5635808
65604,5642872
65656,5653012
65708,5660156
65760,5668288
65816,5675520
65868,5682684
65924,5690264
65976,5697424
66024,5704516
66076,5711644
66128,5718772
66180,5725932
66236,5733164
66284,5740324
66336,5747484
66392,5754856
66448,5762016
66502,5769108
66556,5779424
66612,5786580
66660,5793672
66716,5801812
66772,5808976
66828,5816624
66884,5823784
66928,5830880
66976,5838040
67028,5845132
67076,5852292
67123,5859452
67176,5866688
67232,5873916
67280,5881012
67328,5888312
67380,5895472
67436,5905768
67488,5912880
67552,5921160
67608,5928328
67658,5935484
67708,5943136
67760,5950304
67812,5957468
67864,5964628
67920,5971928
67972,5979088
68020,5986248
68072,5993344
68120,6000500
68176,6007596
68234,6014756
68288,6021952
68336,6032160
68388,6039320
68452,6047536
68504,6054632
68560,6061792
68616,6068956
68664,6076400
68716,6083704
68768,6090864
68820,6097892
68872,6104984
68923,6112084
68976,6119388
69024,6126552
69080,6133928
69132,6140892
69184,6148056
69232,6155152
69284,6162320
69336,6172608
69396,6181076
69446,6188172
69496,6195272
69546,6202296
69602,6209392
69656,6216424
69704,6223520
69756,6230616
69808,6237712
69860,6244808
69916,6252040
69972,6259104
70024,6266232
70074,6273328
70126,6280424
70172,6287520
70220,6294756
70271,6301852
70320,6309012
70372,6316108
70428,6323168
70476,6330296
70524,6337748
70580,6344876
70632,6352004
70690,6359028