0,116
0,344
0,572
0,800
0,1036
0,1308
0,1580
0,1856
0,2132
0,2408
0,2680
0,2952
0,3232
0,3504
0,3776
0,4048
0,4328
0,4600
0,4872
0,5152
0,5424
0,5700
0,5972
0,6252
0,6524
0,6796
0,7072
0,7352
0,7624
0,7896
0,8172
0,8452
0,8724
0,8996
0,9276
0,9548
0,9824
0,10096
0,10420
0,10736
0,11052
0,11372
0,11688
0,12004
0,12328
0,12644
0,12960
0,13276
0,13600
0,13916
0,14232
0,14556
0,14872
0,15188
0,15512
0,15828
0,16144
0,16468
0,16784
0,17100
0,17424
0,17740
0,18056
0,18372
0,18696
0,19012
0,19332
0,19652
0,19968
0,20288
0,20608
0,20924
0,21240
0,21564
0,21880
0,22196
0,22516
0,22836
0,23152
0,23472
0,23792
0,24112
0,24428
0,24752
0,25068
0,25384
0,25708
0,26024
0,26340
0,26660
0,26980
0,27296
0,27612
0,27932
0,28252
0,28568
0,28892
0,29208
0,29524
0,29844
0,30164
0,30480
0,30804
0,31120
0,31436
0,31760
0,32076
0,32392
0,32708
0,33032
0,33348
0,33664
0,33988
0,34304
0,34624
0,34944
0,35264
0,35580
0,35904
0,36220
0,36536
0,36852
0,37176
0,37492
0,37812
0,38136
0,38452
0,38768
0,39092
0,39408
0,39724
0,40048
0,40364
0,40680
0,41004
0,41320
0,41636
0,41952
0,42276
0,42592
0,42908
0,43232
0,43548
0,43864
0,44188
0,44504
0,44820
0,45144
0,45460
0,45776
0,46100
0,46416
0,46732
0,47052
0,47372
0,47692
0,48008
0,48328
0,48648
0,48964
0,49284
0,49600
0,49920
0,50240
0,50560
0,50876
0,51192
0,51520
0,51836
0,52152
0,52476
0,52792
0,53108
0,53432
0,53752
0,54068
0,54392
0,54708
0,55028
0,55352
0,55668
0,55984
0,56304
0,56628
0,56944
0,57264
0,57584
0,57904
0,58220
0,58544
0,58864
0,59180
0,59504
0,59820
0,60140
0,60464
0,60780
0,61100
0,61416
0,61744
0,62060
0,62376
0,62700
0,63020
0,63336
0,63660
0,63980
0,64296
0,64620
0,64936
0,65252
0,65576
0,65896
0,66212
0,66528
0,66852
0,67168
0,67488
0,67812
0,68128
0,68444
0,68768
0,69084
0,69404
0,69728
0,70044
0,70360
0,70684
0,71004
0,71320
0,71640
0,71964
0,72280
0,72600
0,72920
0,73240
0,73556
0,73880
0,74200
0,74516
0,74840
0,75156
0,75476
0,75800
0,76120
0,76436
0,76756
0,77080
0,77396
0,77716
0,78040
0,78356
0,78676
0,79000
0,79316
0,79636
0,79960
0,80276
0,80596
0,80920
0,81236
0,81552
0,81872
0,82196
0,82512
0,82828
0,83152
0,83468
0,83788
0,84108
0,84428
0,84744
0,85068
0,85384
0,85700
0,86024
0,86340
0,86660
0,86976
0,87300
0,87616
0,87936
0,88256
0,88576
0,88892
0,89216
0,89532
0,89852
0,90176
0,90492
0,90808
0,91124
0,91448
0,91768
0,92084
0,92408
0,92724
0,93044
0,93368
0,93684
0,94000
0,94324
0,94644
0,94960
0,95284
0,95600
0,95920
0,96236
0,96560
0,96880
0,97196
0,97520
0,97836
0,98156
0,98480
0,98796
0,99112
0,99436
0,99756
0,100076
0,100440
0,100800
0,101160
0,101528
0,101888
0,102252
0,102620
0,102976
0,103336
0,103704
0,104064
0,104424
0,104788
0,105148
0,105516
0,105876
0,106236
0,106604
0,106964
0,107324
0,107688
0,108048
0,108408
0,108776
0,109136
0,109496
0,109864
0,110224
0,110584
0,110952
0,111312
0,111680
0,112040
0,112400
0,112768
0,113128
0,113488
0,113852
0,114216
0,114576
0,114944
0,115304
0,115664
0,116032
0,116392
0,116756
0,117120
0,117480
0,117848
0,118208
0,118568
0,118932
0,119296
0,119656
0,120024
0,120384
0,120744
0,121112
0,121472
0,121836
0,122200
0,122564
0,122928
0,123288
0,123648
0,124016
0,124376
0,124736
0,125104
0,125464
0,125824
0,126192
0,126552
0,126916
0,127280
0,127644
0,128012
0,128368
0,128728
0,129092
0,129452
0,129812
0,130180
0,130540
0,130900
0,131268
0,131628
0,131988
0,132356
0,132716
0,133076
0,133444
0,133804
0,134168
0,134528
0,134888
0,135256
0,135616
0,135976
0,136344
0,136704
0,137064
0,137432
0,137792
0,138152
0,138520
0,138880
0,139240
0,139608
0,139968
0,140336
0,140696
0,141060
0,141424
0,141788
0,142148
0,142516
0,142876
0,143236
0,143604
0,143964
0,144328
0,144692
0,145052
0,145420
0,145780
0,146140
0,146508
0,146868
0,147228
0,147596
0,147956
0,148320
0,148684
0,149044
0,149408
0,149772
0,150136
0,150496
0,150864
0,151224
0,151592
0,151952
0,152316
0,152684
0,153044
0,153408
0,153776
0,154136
0,154496
0,154864
0,155224
0,155584
0,155952
0,156312
0,156680
0,157040
0,157404
0,157768
0,158132
0,158492
0,158860
0,159220
0,159580
0,159948
0,160312
0,160672
0,161040
0,161400
0,161760
0,162124
0,162488
0,162852
0,163212
0,163576
0,163940
0,164300
0,164660
0,165028
0,165388
0,165748
0,166112
0,166476
0,166832
0,167200
0,167560
0,167920
0,168288
0,168648
0,169012
0,169372
0,169732
0,170100
0,170460
0,170820
0,171184
0,171548
0,171908
0,172272
0,172636
0,172996
0,173364
0,173724
0,174092
0,174448
0,174808
0,175176
0,175536
0,175900
0,176264
0,176628
0,176988
0,177352
0,177716
0,178076
0,178444
0,178804
0,179164
0,179532
0,179892
0,180260
0,180620
0,180980
0,181344
0,181708
0,182068
0,182436
0,182796
0,183156
0,183524
0,183884
0,184244
0,184612
0,184972
0,185332
0,185700
0,186060
0,186428
0,186788
0,187148
0,187516
0,187876
0,188240
0,188604
0,188968
0,189328
0,189696
0,190056
0,190416
0,190784
0,191144
0,191512
0,191876
0,192236
0,192604
0,192964
0,193324
0,193692
0,194052
0,194412
0,194780
0,195140
0,195500
0,195868
0,196228
0,196588
0,196956
0,197320
0,197684
0,198044
0,198408
0,198772
0,199136
0,199496
0,199864
0,200224
0,200584
0,200952
0,201316
0,201676
0,202044
0,202404
0,202772
0,203132
0,203492
0,203860
0,204224
0,204584
0,204952
0,205312
0,205672
0,206036
0,206400
0,206756
0,207124
0,207484
0,207844
0,208212
0,208572
0,208936
0,209296
0,209656
0,210024
0,210384
0,210744
0,211112
0,211472
0,211832
0,212200
0,212560
0,212920
0,213288
0,213648
0,214008
0,214376
0,214736
0,215104
0,215464
0,215824
0,216192
0,216552
0,216912
0,217280
0,217640
0,218000
0,218368
0,218728
0,219088
0,219456
0,219816
0,220184
0,220544
0,220908
0,221272
0,221632
0,221996
0,222364
0,222724
0,223084
0,223452
0,223812
0,224176
0,224544
0,224904
0,225264
0,225632
0,225992
0,226360
0,226720
0,227080
0,227448
0,227808
0,228168
0,228536
0,228896
0,229256
0,229624
0,229984
0,230348
0,230716
0,231076
0,231444
0,231804
0,232164
0,232532
0,232892
0,233256
0,233620
0,233984
0,234344
0,234712
0,235072
0,235436
0,235804
0,236164
0,236524
0,236892
0,237252
0,237620
0,237980
0,238344
0,238712
0,239072
0,239436
0,239804
0,240164
0,240524
0,240892
0,241252
0,241616
0,241980
0,242344
0,242708
0,243072
0,243432
0,243800
0,244160
0,244524
0,244888
0,245252
0,245612
0,245980
0,246340
0,246700
0,247068
0,247428
0,247788
0,248156
0,248516
0,248884
0,249244
0,249608
0,249972
0,250332
0,250696
0,251064
0,251424
0,251784
0,252152
0,252516
0,252876
0,253244
0,253604
0,253972
0,254332
0,254696
0,255064
0,255424
0,255788
0,256156
0,256516
0,256876
0,257240
0,257600
0,257960
0,258328
0,258688
0,259048
0,259412
0,259772
0,260140
0,260500
0,260860
0,261228
0,261588
0,261948
0,262316
0,262676
0,263036
0,263404
0,263764
0,264128
0,264492
0,264852
0,265212
0,265580
0,265944
0,266308
0,266668
0,267032
0,267396
0,267760
0,268120
0,268484
0,268848
0,269208
0,269572
0,269932
0,270296
0,270660
0,271024
0,271392
0,271752
0,272112
0,272480
0,272840
0,273200
0,273568
0,273928
0,274288
0,274656
0,275016
0,275380
0,275744
0,276108
0,276468
0,276836
0,277196
0,277564
0,277924
0,278288
0,278656
0,279016
0,279376
0,279744
0,280108
0,280468
0,280836
0,281196
0,281560
0,281928
0,282288
0,282652
0,283016
0,283376
0,283744
0,284104
0,284464
0,284832
0,285196
0,285556
0,285924
0,286284
0,286648
0,287016
0,287376
0,287736
0,288104
0,288464
0,288832
0,289192
0,289552
0,289920
0,290280
0,290640
0,291008
0,291368
0,291728
0,292096
0,292460
0,292820
0,293188
0,293548
0,293916
0,294276
0,294640
0,295008
0,295368
0,295728
0,296096
0,296456
0,296820
0,297184
0,297548
0,297908
0,298276
0,298636
0,299000
0,299368
0,299728
0,300096
0,300456
0,300820
0,301188
0,301548
0,301912
0,302280
0,302640
0,303004
0,303372
0,303732
0,304096
0,304464
0,304824
0,305192
0,305552
0,305916
0,306284
0,306648
0,307008
0,307380
0,307740
0,308100
0,308468
0,308828
0,309188
0,309556
0,309916
0,310284
0,310648
0,311008
0,311376
0,311740
0,312100
0,312468
0,312828
0,313192
0,313560
0,313920
0,314284
0,314652
0,315012
0,315372
0,315740
0,316104
0,316472
0,316836
0,317196
0,317564
0,317928
0,318288
0,318656
0,319020
0,319380
0,319752
0,320112
0,320472
0,320840
0,321200
0,321568
0,321928
0,322288
0,322656
0,323016
0,323376
0,323744
0,324104
0,324468
0,324832
0,325196
0,325556
0,325924
0,326284
0,326648
0,327012
0,327376
0,327744
0,328104
0,328464
0,328828
0,329188
0,329548
0,329916
0,330276
0,330636
0,331004
0,331364
0,331728
0,332092
0,332456
0,332820
0,333180
0,333540
0,333908
0,334268
0,334628
0,334996
0,335356
0,335720
0,336084
0,336444
0,336808
0,337172
0,337532
0,337896
0,338260
0,338624
0,338988
0,339348
0,339712
0,340076
0,340440
0,340800
0,341164
0,341524
0,341888
0,342252
0,342616
0,342976
0,343344
0,343704
0,344072
0,344432
0,344796
0,345160
0,345524
0,345884
0,346252
0,346612
0,346972
0,347340
0,347704
0,348064
0,348432
0,348792
0,349156
0,349520
0,349884
0,350248
0,350612
0,350972
0,351340
0,351700
0,352064
0,352432
0,352792
0,353152
0,353520
0,353880
0,354244
0,354608
0,354972
0,355340
0,355700
0,356060
0,356428
0,356788
0,357152
0,357520
0,357880
0,358244
0,358612
0,358972
0,359332
0,359700
0,360060
0,360420
0,360788
0,361148
0,361516
0,361880
0,362240
0,362604
0,362968
0,363328
0,363696
0,364056
0,364416
0,364784
0,365148
0,365508
0,365876
0,366236
0,366604
0,366964
0,367328
0,367696
0,368056
0,368420
0,368784
0,369148
0,369508
0,369876
0,370236
0,370596
0,370964
0,371328
0,371688
0,372052
0,372416
0,372784
0,373144
0,373504
0,373872
0,374236
0,374596
0,374964
0,375324
0,375688
0,376052
0,376416
0,376776
0,377144
0,377508
0,377876
0,378236
0,378600
0,378968
0,379328
0,379688
0,380056
0,380416
0,380780
0,381148
0,381508
0,381872
0,382240
0,382600
0,382964
0,383332
0,383696
0,384064
0,384424
0,384784
0,385152
0,385512
0,385872
0,386240
0,386600
0,386964
0,387328
0,387692
0,388052
0,388420
0,388780
0,389148
0,389508
0,389872
0,390240
0,390600
0,390960
0,391328
0,391688
0,392052
0,392416
0,392780
0,393140
0,393508
0,393872
0,394232
0,394600
0,394960
0,395328
0,395692
0,396052
0,396420
0,396784
0,397144
0,397512
0,397876
0,398236
0,398604
0,398968
0,399328
0,399700
0,400060
0,400428
0,400788
0,401148
0,401516
0,401876
0,402240
0,402608
0,402968
0,403328
0,403696
0,404056
0,404420
0,404788
0,405148
0,405516
0,405876
0,406240
0,406608
0,406968
0,407332
0,407700
0,408060
0,408420
0,408788
0,409152
0,409512
0,409884
0,410244
0,410600
0,410968
0,411328
0,411696
0,412056
0,412416
0,412780
0,413144
0,413504
0,413872
0,414232
0,414592
0,414960
0,415320
0,415680
0,416048
0,416408
0,416772
0,417132
0,417496
0,417860
0,418220
0,418584
0,418948
0,419308
0,419672
0,420040
0,420400
0,420760
0,421124
0,421484
0,421848
0,422212
0,422576
0,422940
0,423300
0,423664
0,424032
0,424392
0,424752
0,425120
0,425480
0,425840
0,426208
0,426568
0,426928
0,427296
0,427656
0,428016
0,428384
0,428748
0,429116
0,429476
0,429836
0,430204
0,430564
0,430928
0,431292
0,431656
0,432016
0,432384
0,432744
0,433104
0,433472
0,433836
0,434200
0,434564
0,434924
0,435292
0,435652
0,436012
0,436380
0,436740
0,437104
0,437472
0,437832
0,438192
0,438560
0,438920
0,439284
0,439652
0,440012
0,440380
0,440740
0,441100
0,441468
0,441832
0,442192
0,442560
0,442920
0,443280
0,443648
0,444008
0,444372
0,444740
0,445100
0,445468
0,445828
0,446192
0,446560
0,446920
0,447280
0,447648
0,448012
0,448372
0,448740
0,449100
0,449460
0,449828
0,450188
0,450552
0,450920
0,451280
0,451648
0,452008
0,452368
0,452736
0,453096
0,453460
0,453824
0,454188
0,454548
0,454916
0,455276
0,455640
0,456008
0,456368
0,456736
0,457096
0,457456
0,457824
0,458188
0,458548
0,458916
0,459276
0,459640
0,460008
0,460368
0,460732
0,461100
0,461460
0,461820
0,462188
0,462548
0,462916
0,463280
0,463640
0,464008
0,464368
0,464728
0,465096
0,465456
0,465820
0,466188
0,466548
0,466908
0,467276
0,467636
0,468004
0,468368
0,468728
0,469096
0,469456
0,469820
0,470188
0,470548
0,470912
0,471280
0,471640
0,472004
0,472368
0,472732
0,473100
0,473460
0,473824
0,474192
0,474552
0,474916
0,475284
0,475644
0,476004
0,476372
0,476736
0,477096
0,477464
0,477828
0,478188
0,478556
0,478920
0,479288
0,479652
0,480012
0,480380
0,480740
0,481104
0,481472
0,481832
0,482192
0,482560
0,482920
0,483280
0,483648
0,484012
0,484376
0,484740
0,485100
0,485468
0,485832
0,486192
0,486560
0,486924
0,487284
0,487652
0,488012
0,488372
0,488740
0,489100
0,489464
0,489832
0,490192
0,490560
0,490924
0,491284
0,491652
0,492012
0,492376
0,492740
0,493104
0,493464
0,493832
0,494192
0,494556
0,494920
0,495284
0,495652
0,496012
0,496372
0,496740
0,497100
0,497464
0,497832
0,498192
0,498552
0,498920
0,499284
0,499644
0,500012
0,500372
0,500732
0,501100
0,501464
0,501832
0,502192
0,502556
0,502924
0,503284
0,503648
0,504016
0,504376
0,504736
0,505104
0,505468
0,505828
0,506196
0,506560
0,506928
0,507288
0,507652
0,508020
0,508380
0,508744
0,509112
0,509472
0,509836
0,510204
0,510568
0,510928
0,511300
0,511660
0,512032
0,512392
0,512752
0,513116
0,513476
0,513840
0,514204
0,514564
0,514924
0,515292
0,515652
0,516012
0,516380
0,516740
0,517100
0,517468
0,517832
0,518196
0,518560
0,518920
0,519288
0,519648
0,520008
0,520376
0,520736
0,521096
0,521464
0,521824
0,522188
0,522552
0,522916
0,523284
0,523644
0,524004
0,524372
0,524732
0,525092
0,525460
0,525820
0,526184
0,526548
0,526912
0,527272
0,527640
0,528000
0,528360
0,528728
0,529088
0,529456
0,529816
0,530180
0,530548
0,530908
0,531272
0,531636
0,532000
0,532360
0,532728
0,533088
0,533452
0,533816
0,534180
0,534548
0,534908
0,535268
0,535636
0,536000
0,536360
0,536728
0,537088
0,537448
0,537816
0,538176
0,538540
0,538908
0,539268
0,539628
0,539996
0,540356
0,540724
0,541088
0,541448
0,541816
0,542176
0,542540
0,542908
0,543268
0,543632
0,544000
0,544360
0,544720
0,545088
0,545448
0,545816
0,546176
0,546536
0,546904
0,547268
0,547628
0,547996
0,548356
0,548720
0,549088
0,549448
0,549812
0,550180
0,550540
0,550904
0,551268
0,551632
0,552000
0,552360
0,552724
0,553092
0,553452
0,553816
0,554180
0,554544
0,554904
0,555272
0,555636
0,555996
0,556364
0,556728
0,557096
0,557460
0,557820
0,558188
0,558552
0,558912
0,559280
0,559644
0,560004
0,560372
0,560736
0,561096
0,561464
0,561824
0,562192
0,562556
0,562920
0,563288
0,563648
0,564008
0,564376
0,564736
0,565096
0,565464
0,565828
0,566188
0,566556
0,566916
0,567280
0,567648
0,568008
0,568376
0,568736
0,569100
0,569468
0,569828
0,570192
0,570560
0,570920
0,571284
0,571648
0,572012
0,572372
0,572744
0,573104
0,573476
0,573836
0,574196
0,574564
0,574928
0,575288
0,575656
0,576020
0,576380
0,576744
0,577108
0,577468
0,577836
0,578196
0,578556
0,578928
0,579288
0,579656
0,580016
0,580376
0,580744
0,581104
0,581468
0,581836
0,582196
0,582560
0,582928
0,583288
0,583652
0,584020
0,584380
0,584748
0,585108
0,585472
0,585840
0,586200
0,586564
0,586928
0,587292
0,587652
0,588020
0,588384
0,588744
0,589116
0,589476
0,589844
0,590204
0,590568
0,590936
0,591296
0,591660
0,592028
0,592388
0,592752
0,593120
0,593480
0,593844
0,594212
0,594572
0,594936
0,595304
0,595664
0,596032
0,596392
0,596756
0,597124
0,597488
0,597848
0,598216
0,598580
0,598940
0,599308
0,599672
0,600036
0,600404
0,600764
0,601132
0,601496
0,601856
0,602224
0,602588
0,602948
0,603316
0,603680
0,604040
0,604412
0,604772
0,605136
0,605504
0,605864
0,606232
0,606596
0,606960
0,607328
0,607688
0,608052
0,608420
0,608780
0,609144
0,609512
0,609876
0,610236
0,610604
0,610968
0,611336
0,611700
0,612060
0,612428
0,612792
0,613156
0,613524
0,613888
0,614252
0,614620
0,614980
0,615340
0,615708
0,616072
0,616432
0,616800
0,617160
0,617528
0,617892
0,618252
0,618620
0,618980
0,619344
0,619712
0,620072
0,620436
0,620804
0,621164
0,621524
0,621892
0,622256
0,622624
0,622984
0,623348
0,623716
0,624080
0,624440
0,624808
0,625168
0,625532
0,625900
0,626260
0,626624
0,626992
0,627356
0,627724
0,628084
0,628444
0,628812
0,629176
0,629536
0,629904
0,630268
0,630632
0,631000
0,631360
0,631724
0,632092
0,632456
0,632816
0,633184
0,633548
0,633916
0,634280
0,634644
0,635012
0,635376
0,635736
0,636104
0,636468
0,636832
0,637200
0,637560
0,637924
0,638292
0,638656
0,639024
0,639388
0,639752
0,640120
0,640480
0,640840
0,641208
0,641568
0,641928
0,642296
0,642656
0,643016
0,643384
0,643744
0,644112
0,644476
0,644836
0,645204
0,645564
0,645924
0,646292
0,646652
0,647016
0,647384
0,647744
0,648104
0,648472
0,648832
0,649196
0,649564
0,649924
0,650292
0,650652
0,651016
0,651384
0,651744
0,652108
0,652476
0,652836
0,653200
0,653564
0,653928
0,654288
0,654656
0,655020
0,655388
0,655748
0,656108
0,656476
0,656836
0,657196
0,657564
0,657924
0,658284
0,658652
0,659012
0,659372
0,659740
0,660100
0,660460
0,660828
0,661188
0,661556
0,661916
0,662280
0,662648
0,663008
0,663368
0,663736
0,664096
0,664460
0,664824
0,665188
0,665548
0,665916
0,666276
0,666644
0,667004
0,667364
0,667732
0,668092
0,668452
0,668820
0,669180
0,669544
0,669908
0,670272
0,670632
0,671000
0,671360
0,671724
0,672092
0,672452
0,672816
0,673180
0,673540
0,673908
0,674268
0,674628
0,674996
0,675360
0,675720
0,676088
0,676448
0,676808
0,677176
0,677536
0,677904
0,678264
0,678628
0,678992
0,679356
0,679716
0,680084
0,680444
0,680804
0,681172
0,681532
0,681896
0,682260
0,682624
0,682984
0,683352
0,683712
0,684080
0,684440
0,684804
0,685168
0,685532
0,685892
0,686260
0,686620
0,686984
0,687352
0,687712
0,688076
0,688440
0,688804
0,689168
0,689532
0,689892
0,690260
0,690624
0,690984
0,691352
0,691712
0,692076
0,692444
0,692804
0,693164
0,693532
0,693896
0,694256
0,694624
0,694984
0,695352
0,695716
0,696080
0,696444
0,696808
0,697168
0,697536
0,697896
0,698256
0,698624
0,698988
0,699348
0,699716
0,700076
0,700444
0,700808
0,701168
0,701536
0,701900
0,702260
0,702628
0,702992
0,703352
0,703724
0,704084
0,704444
0,704812
0,705172
0,705540
0,705904
0,706264
0,706632
0,706996
0,707356
0,707724
0,708084
0,708448
0,708816
0,709176
0,709536
0,709904
0,710268
0,710628
0,710996
0,711360
0,711728
0,712092
0,712452
0,712820
0,713180
0,713544
0,713912
0,714276
0,714636
0,715008
0,715368
0,715732
0,716100
0,716464
0,716832
0,717192
0,717552
0,717920
0,718284
0,718644
0,719012
0,719376
0,719736
0,720104
0,720464
0,720824
0,721192
0,721556
0,721916
0,722284
0,722644
0,723012
0,723376
0,723736
0,724104
0,724464
0,724828
0,725196
0,725556
0,725920
0,726288
0,726648
0,727008
0,727380
0,727740
0,728108
0,728468
0,728832
0,729200
0,729560
0,729924
0,730292
0,730652
0,731012
0,731380
0,731744
0,732108
0,732476
0,732836
0,733204
0,733568
0,733928
0,734296
0,734660
0,735024
0,735392
0,735752
0,736116
0,736484
0,736848
0,737208
0,737576
0,737936
0,738300
0,738668
0,739028
0,739396
0,739756
0,740120
0,740488
0,740848
0,741208
0,741576
0,741940
0,742300
0,742672
0,743032
0,743396
0,743760
0,744124
0,744492
0,744852
0,745212
0,745580
0,745944
0,746304
0,746672
0,747036
0,747400
0,747768
0,748128
0,748488
0,748856
0,749220
0,749588
0,749948
0,750312
0,750680
0,751040
0,751404
0,751772
0,752136
0,752496
0,752864
0,753228
0,753588
0,753956
0,754320
0,754684
0,755052
0,755412
0,755784
0,756144
0,756508
0,756876
0,757236
0,757600
0,757968
0,758332
0,758692
0,759060
0,759424
0,759784
0,760156
0,760516
0,760884
0,761248
0,761608
0,761976
0,762340
0,762700
0,763072
0,763432
0,763796
0,764164
0,764524
0,764888
0,765256
0,765620
0,765988
0,766352
0,766712
0,767084
0,767448
0,767808
0,768180
0,768540
0,768900
0,769268
0,769628
0,769988
0,770356
0,770720
0,771088
0,771448
0,771808
0,772176
0,772540
0,772900
0,773268
0,773632
0,773992
0,774360
0,774724
0,775084
0,775452
0,775816
0,776176
0,776544
0,776908
0,777276
0,777636
0,778000
0,778368
0,778728
0,779092
0,779460
0,779820
0,780184
0,780552
0,780912
0,781276
0,781644
0,782004
0,782372
0,782736
0,783096
0,783464
0,783828
0,784188
0,784556
0,784920
0,785280
0,785648
0,786008
0,786372
0,786740
0,787100
0,787472
0,787832
0,788196
0,788564
0,788924
0,789288
0,789656
0,790016
0,790380
0,790748
0,791112
0,791472
0,791844
0,792204
0,792568
0,792936
0,793300
0,793668
0,794028
0,794392
0,794760
0,795124
0,795484
0,795856
0,796216
0,796580
0,796948
0,797308
0,797672
0,798040
0,798404
0,798772
0,799136
0,799500
0,799868
0,800232
0,800592
0,800960
0,801320
0,801680
0,802048
0,802408
0,802768
0,803136
0,803500
0,803868
0,804228
0,804588
0,804956
0,805320
0,805680
0,806048
0,806412
0,806772
0,807140
0,807500
0,807864
0,808232
0,808592
0,808956
0,809324
0,809684
0,810052
0,810412
0,810776
0,811144
0,811504
0,811868
0,812236
0,812600
0,812960
0,813328
0,813692
0,814052
0,814424
0,814784
0,815152
0,815516
0,815876
0,816248
0,816608
0,816972
0,817340
0,817700
0,818064
0,818432
0,818796
0,819160
0,819528
0,819888
0,820252
0,820612
0,820976
0,821340
0,821700
0,822064
0,822428
0,822788
0,823148
0,823516
0,823880
0,824240
0,824608
0,824968
0,825328
0,825692
0,826052
0,826420
0,826780
0,827144
0,827508
0,827872
0,828232
0,828600
0,828960
0,829320
0,829688
0,830048
0,830412
0,830780
0,831140
0,831508
0,831868
0,832232
0,832596
0,832960
0,833320
0,833684
0,834044
0,834408
0,834772
0,835136
0,835496
0,835864
0,836224
0,836584
0,836952
0,837312
0,837680
0,838040
0,838404
0,838768
0,839132
0,839492
0,839860
0,840220
0,840580
0,840948
0,841308
0,841672
0,842036
0,842400
0,842764
0,843124
0,843488
0,843856
0,844216
0,844576
0,844944
0,845304
0,845668
0,846032
0,846396
0,846756
0,847124
0,847484
0,847844
0,848212
0,848572
0,848940
0,849304
0,849664
0,850032
0,850392
0,850752
0,851120
0,851484
0,851844
0,852212
0,852572
0,852932
0,853300
0,853660
0,854028
0,854392
0,854752
0,855120
0,855484
0,855844
0,856212
0,856576
0,856936
0,857304
0,857668
0,858028
0,858396
0,858756
0,859120
0,859488
0,859848
0,860216
0,860576
0,860940
0,861308
0,861668
0,862028
0,862396
0,862760
0,863120
0,863488
0,863852
0,864212
0,864580
0,864940
0,865308
0,865668
0,866028
0,866396
0,866760
0,867120
0,867488
0,867852
0,868212
0,868580
0,868940
0,869304
0,869672
0,870032
0,870396
0,870764
0,871124
0,871492
0,871856
0,872216
0,872584
0,872944
0,873308
0,873676
0,874036
0,874396
0,874764
0,875128
0,875488
0,875860
0,876220
0,876588
0,876948
0,877312
0,877680
0,878040
0,878404
0,878772
0,879132
0,879496
0,879864
0,880228
0,880588
0,880956
0,881316
0,881684
0,882044
0,882408
0,882772
0,883136
0,883496
0,883864
0,884228
0,884588
0,884956
0,885316
0,885680
0,886048
0,886408
0,886768
0,887136
0,887496
0,887864
0,888228
0,888588
0,888956
0,889320
0,889680
0,890048
0,890412
0,890772
0,891140
0,891504
0,891864
0,892232
0,892596
0,892964
0,893328
0,893688
0,894056
0,894420
0,894780
0,895148
0,895512
0,895876
0,896244
0,896604
0,896968
0,897332
0,897696
0,898064
0,898424
0,898784
0,899152
0,899516
0,899876
0,900244
0,900608
0,900968
0,901336
0,901700
0,902060
0,902428
0,902788
0,903148
0,903516
0,903880
0,904248
0,904608
0,904968
0,905336
0,905700
0,906060
0,906428
0,906788
0,907152
0,907520
0,907880
0,908244
0,908612
0,908972
0,909340
0,909700
0,910064
0,910432
0,910792
0,911156
0,911524
0,911888
0,912248
0,912616
0,912980
0,913340
0,913708
0,914072
0,914440
0,914800
0,915164
0,915532
0,915892
0,916256
0,916624
0,916988
0,917348
0,917716
0,918080
0,918440
0,918808
0,919172
0,919536
0,919904
0,920268
0,920636
0,920996
0,921360
0,921728
0,922088
0,922452
0,922816
0,923180
0,923540
0,923908
0,924272
0,924632
0,925000
0,925360
0,925728
0,926092
0,926452
0,926820
0,927184
0,927544
0,927912
0,928276
0,928636
0,929004
0,929368
0,929728
0,930096
0,930456
0,930824
0,931188
0,931552
0,931920
0,932280
0,932644
0,933012
0,933372
0,933736
0,934104
0,934464
0,934828
0,935196
0,935556
0,935920
0,936288
0,936652
0,937020
0,937380
0,937744
0,938112
0,938472
0,938836
0,939204
0,939568
0,939928
0,940296
0,940660
0,941024
0,941392
0,941752
0,942124
0,942484
0,942848
0,943216
0,943576
0,943940
0,944308
0,944672
0,945032
0,945400
0,945764
0,946124
0,946492
0,946856
0,947224
0,947584
0,947948
0,948316
0,948676
0,949040
0,949408
0,949772
0,950132
0,950500
0,950864
0,951224
0,951596
0,951956
0,952328
0,952688
0,953052
0,953420
0,953784
0,954144
0,954512
0,954876
0,955240
0,955608
0,955968
0,956332
0,956700
0,957064
0,957428
0,957796
0,958160
0,958528
0,958892
0,959256
0,959624
0,959988
0,960352
0,960720
0,961080
0,961444
0,961812
0,962172
0,962532
0,962904
0,963264
0,963632
0,963992
0,964356
0,964724
0,965084
0,965448
0,965816
0,966176
0,966540
0,966904
0,967268
0,967628
0,968000
0,968360
0,968728
0,969088
0,969452
0,969820
0,970180
0,970544
0,970912
0,971276
0,971636
0,972004
0,972368
0,972732
0,973100
0,973460
0,973828
0,974192
0,974552
0,974920
0,975284
0,975644
0,976016
0,976376
0,976736
0,977104
0,977468
0,977828
0,978200
0,978560
0,978920
0,979292
0,979652
0,980020
0,980384
0,980744
0,981112
0,981476
0,981840
0,982208
0,982568
0,982932
0,983300
0,983664
0,984024
0,984392
0,984752
0,985120
0,985484
0,985844
0,986212
0,986572
0,986936
0,987304
0,987664
0,988024
0,988392
0,988756
0,989116
0,989484
0,989848
0,990216
0,990576
0,990940
0,991308
0,991672
0,992032
0,992400
0,992760
0,993124
0,993492
0,993852
0,994216
0,994584
0,994944
0,995308
0,995676
0,996036
0,996404
0,996768
0,997128
0,997496
0,997860
0,998220
0,998592
0,998952
0,999316
0,999684
0,1000044
0,1000456
0,1000860
0,1001264
0,1001676
0,1002080
0,1002484
0,1002896
0,1003300
0,1003712
0,1004116
0,1004520
0,1004932
0,1005336
0,1005748
0,1006152
0,1006560
0,1006968
0,1007376
0,1007784
0,1008192
0,1008596
0,1009008
0,1009412
0,1009824
0,1010228
0,1010632
0,1011044
0,1011452
0,1011864
0,1012268
0,1012672
0,1013084
0,1013488
0,1013900
0,1014308
0,1014712
0,1015124
0,1015532
0,1015944
0,1016348
0,1016752
0,1017164
0,1017572
0,1017984
0,1018388
0,1018796
0,1019208
0,1019612
0,1020024
0,1020428
0,1020836
0,1021248
0,1021652
0,1022064
0,1022472
0,1022876
0,1023288
0,1023696
0,1024108
0,1024512
0,1024916
0,1025324
0,1025728
0,1026136
0,1026540
0,1026944
0,1027356
0,1027760
0,1028168
0,1028572
0,1028976
0,1029384
0,1029788
0,1030200
0,1030604
0,1031008
0,1031420
0,1031824
0,1032232
0,1032636
0,1033044
0,1033452
0,1033856
0,1034268
0,1034672
0,1035076
0,1035488
0,1035892
0,1036300
0,1036708
0,1037112
0,1037524
0,1037928
0,1038332
0,1038744
0,1039148
0,1039560
0,1039964
0,1040368
0,1040776
0,1041180
0,1041592
0,1041996
0,1042400
0,1042812
0,1043216
0,1043628
0,1044032
0,1044436
0,1044844
0,1045248
0,1045660
0,1046064
0,1046468
0,1046876
0,1047284
0,1047692
0,1048096
0,1048500
0,1048912
0,1049316
0,1049728
0,1050132
0,1050536
0,1050944
0,1051348
0,1051760
0,1052164
0,1052568
0,1052980
0,1053384
0,1053796
0,1054200
0,1054604
0,1055016
0,1055420
0,1055832
0,1056236
0,1056640
0,1057052
0,1057456
0,1057868
0,1058272
0,1058676
0,1059088
0,1059492
0,1059904
0,1060308
0,1060712
0,1061124
0,1061528
0,1061940
0,1062344
0,1062752
0,1063160
0,1063564
0,1063976
0,1064384
0,1064788
0,1065200
0,1065604
0,1066012
0,1066416
0,1066820
0,1067232
0,1067636
0,1068048
0,1068452
0,1068856
0,1069264
0,1069672
0,1070076
0,1070488
0,1070892
0,1071300
0,1071708
0,1072112
0,1072524
0,1072928
0,1073340
0,1073744
0,1074148
0,1074560
0,1074964
0,1075376
0,1075780
0,1076184
0,1076596
0,1077000
0,1077412
0,1077816
0,1078220
0,1078632
0,1079036
0,1079448
0,1079852
0,1080256
0,1080668
0,1081072
0,1081484
0,1081888
0,1082292
0,1082704
0,1083108
0,1083520
0,1083924
0,1084332
0,1084740
0,1085148
0,1085560
0,1085964
0,1086368
0,1086780
0,1087184
0,1087596
0,1088000
0,1088404
0,1088816
0,1089216
0,1089628
0,1090032
0,1090436
0,1090848
0,1091252
0,1091664
0,1092068
0,1092472
0,1092884
0,1093288
0,1093700
0,1094104
0,1094508
0,1094920
0,1095324
0,1095736
0,1096140
0,1096544
0,1096956
0,1097364
0,1097772
0,1098180
0,1098584
0,1098996
0,1099400
0,1099812
0,1100216
0,1100624
0,1101036
0,1101440
0,1101852
0,1102256
0,1102660
0,1103072
0,1103480
0,1103892
0,1104296
0,1104700
0,1105112
0,1105520
0,1105932
0,1106336
0,1106740
0,1107152
0,1107556
0,1107964
0,1108372
0,1108780
0,1109192
0,1109596
0,1110000
0,1110412
0,1110820
0,1111232
0,1111636
0,1112040
0,1112452
0,1112856
0,1113268
0,1113676
0,1114080
0,1114492
0,1114896
0,1115308
0,1115716
0,1116120
0,1116532
0,1116940
0,1117352
0,1117756
0,1118164
0,1118576
0,1118980
0,1119392
0,1119800
0,1120204
0,1120616
0,1121020
0,1121432
0,1121836
0,1122244
0,1122652
0,1123060
0,1123472
0,1123876
0,1124280
0,1124692
0,1125096
0,1125512
0,1125916
0,1126324
0,1126736
0,1127140
0,1127548
0,1127956
0,1128360
0,1128772
0,1129176
0,1129588
0,1129992
0,1130396
0,1130808
0,1131212
0,1131624
0,1132028
0,1132436
0,1132844
0,1133248
0,1133660
0,1134068
0,1134472
0,1134884
0,1135288
0,1135700
0,1136104
0,1136512
0,1136924
0,1137328
0,1137740
0,1138144
0,1138548
0,1138960
0,1139368
0,1139776
0,1140184
0,1140588
0,1141000
0,1141404
0,1141816
0,1142220
0,1142628
0,1143040
0,1143444
0,1143856
0,1144264
0,1144668
0,1145080
0,1145484
0,1145896
0,1146304
0,1146708
0,1147120
0,1147528
0,1147936
0,1148344
0,1148748
0,1149160
0,1149564
0,1149976
0,1150380
0,1150788
0,1151200
0,1151604
0,1152016
0,1152420
0,1152824
0,1153236
0,1153640
0,1154044
0,1154456
0,1154860
0,1155268
0,1155676
0,1156080
0,1156492
0,1156896
0,1157304
0,1157712
0,1158116
0,1158528
0,1158932
0,1159344
0,1159748
0,1160152
0,1160564
0,1160968
0,1161380
0,1161784
0,1162188
0,1162600
0,1163004
0,1163416
0,1163824
0,1164228
0,1164640
0,1165044
0,1165456
0,1165860
0,1166264
0,1166676
0,1167084
0,1167492
0,1167900
0,1168304
0,1168716
0,1169120
0,1169532
0,1169936
0,1170340
0,1170752
0,1171160
0,1171572
0,1171976
0,1172380
0,1172792
0,1173200
0,1173612
0,1174016
0,1174420
0,1174832
0,1175240
0,1175652
0,1176056
0,1176460
0,1176872
0,1177280
0,1177692
0,1178096
0,1178500
0,1178912
0,1179316
0,1179728
0,1180132
0,1180540
0,1180952
0,1181356
0,1181768
0,1182172
0,1182580
0,1182992
0,1183396
0,1183808
0,1184216
0,1184620
0,1185032
0,1185436
0,1185848
0,1186252
0,1186660
0,1187072
0,1187476
0,1187888
0,1188292
0,1188700
0,1189108
0,1189516
0,1189928
0,1190332
0,1190740
0,1191152
0,1191556
0,1191968
0,1192376
0,1192780
0,1193192
0,1193596
0,1194012
0,1194416
0,1194820
0,1195232
0,1195640
0,1196052
0,1196456
0,1196864
0,1197272
0,1197680
0,1198092
0,1198496
0,1198904
0,1199312
0,1199720
0,1200128
0,1200536
0,1200944
0,1201356
0,1201760
0,1202164
0,1202576
0,1202984
0,1203396
0,1203800
0,1204204
0,1204616
0,1205020
0,1205432
0,1205840
0,1206244
0,1206656
0,1207060
0,1207472
0,1207876
0,1208284
0,1208696
0,1209100
0,1209512
0,1209920
0,1210324
0,1210736
0,1211140
0,1211552
0,1211960
0,1212364
0,1212776
0,1213184
0,1213596
0,1214000
0,1214408
0,1214820
0,1215224
0,1215636
0,1216044
0,1216448
0,1216860
0,1217264
0,1217676
0,1218080
0,1218488
0,1218900
0,1219304
0,1219716
0,1220120
0,1220524
0,1220936
0,1221344
0,1221756
0,1222160
0,1222568
0,1222980
0,1223384
0,1223796
0,1224204
0,1224608
0,1225020
0,1225424
0,1225840
0,1226244
0,1226648
0,1227060
0,1227468
0,1227880
0,1228288
0,1228692
0,1229104
0,1229512
0,1229920
0,1230324
0,1230732
0,1231140
0,1231548
0,1231956
0,1232364
0,1232768
0,1233180
0,1233584
0,1233996
0,1234400
0,1234804
0,1235216
0,1235620
0,1236032
0,1236436
0,1236840
0,1237252
0,1237656
0,1238068
0,1238476
0,1238880
0,1239292
0,1239696
0,1240108
0,1240512
0,1240916
0,1241328
0,1241732
0,1242144
0,1242548
0,1242956
0,1243368
0,1243772
0,1244184
0,1244588
0,1244992
0,1245404
0,1245808
0,1246220
0,1246628
0,1247032
0,1247444
0,1247852
0,1248264
0,1248668
0,1249072
0,1249484
0,1249888
0,1250292
0,1250704
0,1251112
0,1251524
0,1251928
0,1252332
0,1252744
0,1253152
0,1253564
0,1253968
0,1254372
0,1254788
0,1255192
0,1255604
0,1256008
0,1256412
0,1256824
0,1257228
0,1257640
0,1258048
0,1258452
0,1258864
0,1259268
0,1259680
0,1260088
0,1260492
0,1260904
0,1261308
0,1261720
0,1262124
0,1262532
0,1262944
0,1263348
0,1263760
0,1264168
0,1264572
0,1264984
0,1265388
0,1265800
0,1266208
0,1266612
0,1267024
0,1267432
0,1267844
0,1268248
0,1268656
0,1269068
0,1269472
0,1269884
0,1270292
0,1270696
0,1271108
0,1271516
0,1271928
0,1272332
0,1272740
0,1273152
0,1273556
0,1273972
0,1274376
0,1274784
0,1275196
0,1275604
0,1276016
0,1276420
0,1276828
0,1277240
0,1277644
0,1278056
0,1278464
0,1278868
0,1279284
0,1279688
0,1280100
0,1280504
0,1280908
0,1281316
0,1281720
0,1282132
0,1282536
0,1282940
0,1283352
0,1283756
0,1284164
0,1284568
0,1284972
0,1285384
0,1285788
0,1286196
0,1286604
0,1287008
0,1287416
0,1287820
0,1288232
0,1288636
0,1289040
0,1289452
0,1289856
0,1290268
0,1290672
0,1291076
0,1291488
0,1291892
0,1292304
0,1292708
0,1293112
0,1293524
0,1293928
0,1294332
0,1294744
0,1295148
0,1295560
0,1295964
0,1296372
0,1296780
0,1297188
0,1297596
0,1298004
0,1298408
0,1298820
0,1299224
0,1299632
0,1300040
0,1300444
0,1300856
0,1301260
0,1301672
0,1302076
0,1302480
0,1302892
0,1303296
0,1303708
0,1304116
0,1304520
0,1304932
0,1305336
0,1305748
0,1306152
0,1306560
0,1306968
0,1307376
0,1307784
0,1308192
0,1308596
0,1309008
0,1309412
0,1309824
0,1310232
0,1310636
0,1311048
0,1311452
0,1311864
0,1312268
0,1312672
0,1313084
0,1313488
0,1313896
0,1314300
0,1314704
0,1315116
0,1315520
0,1315932
0,1316336
0,1316740
0,1317152
0,1317556
0,1317968
0,1318372
0,1318776
0,1319188
0,1319592
0,1320004
0,1320408
0,1320812
0,1321220
0,1321624
0,1322036
0,1322440
0,1322844
4,1331788
4,1332192
4,1332604
4,1333008
4,1333416
4,1333820
4,1334224
4,1334636
4,1335040
8,1340120
8,1340532
8,1340936
8,1341344
8,1341752
8,1342160
12,1346228
12,1346680
12,1347128
12,1347576
12,1348044
16,1351140
16,1351588
16,1352044
16,1352492
20,1355316
20,1355764
20,1356220
20,1356684
24,1359060
24,1359508
24,1359964
28,1362484
28,1362928
28,1363384
32,1365624
32,1366076
32,1366524
36,1368500
36,1368948
36,1369404
40,1371260
40,1371708
40,1372180
44,1373848
44,1374304
44,1374768
48,1376304
48,1376752
49,1377216
52,1378608
52,1379056
56,1380816
56,1381264
60,1382952
60,1383400
64,1384968
64,1385416
68,1386980
68,1387428
72,1388884
72,1389332
76,1390728
76,1391176
80,1392536
80,1392992
84,1394300
84,1394756
88,1396004
88,1396452
92,1397652
92,1398108
96,1399268
96,1399716
100,1400904
100,1401412
104,1402464
104,1402976
108,1403996
108,1404504
112,1405468
112,1405984
116,1406920
116,1407436
120,1408360
120,1408864
124,1409756
124,1410272
128,1411140
128,1411648
132,1412504
132,1413012
136,1413816
136,1414328
140,1415116
140,1415632
144,1416380
144,1416888
148,1417644
148,1418148
152,1418888
152,1419400
156,1420116
160,1421328
164,1422508
168,1423664
172,1424832
176,1425968
180,1427104
184,1428224
188,1429324
192,1430404
196,1431472
200,1432532
204,1433572
208,1434608
212,1435628
216,1436652
220,1437660
224,1438652
228,1439636
232,1440604
236,1441564
240,1442516
244,1443452
248,1444380
252,1445308
256,1446216
260,1447128
264,1448036
268,1448916
272,1449804
276,1450692
280,1451568
284,1452440
288,1453304
292,1454164
296,1454984
300,1455844
304,1456680
308,1457504
312,1458336
316,1459152
320,1459968
324,1460772
328,1461572
332,1462364
336,1463148
340,1463936
344,1464708
348,1465492
352,1466256
356,1467024
360,1467784
364,1468548
368,1469296
372,1470044
376,1470760
380,1471532
384,1472260
388,1472988
392,1473712
396,1474432
400,1475156
404,1475872
408,1476588
412,1477292
416,1477996
420,1478700
424,1479388
428,1480084
432,1480780
436,1481456
440,1482144
444,1482832
448,1483500
452,1484176
456,1484848
460,1485504
464,1486152
468,1486828
472,1487488
476,1488140
480,1488788
484,1489436
488,1490092
492,1490736
496,1491380
500,1492028
504,1492660
508,1493296
512,1493932
516,1494560
520,1495196
524,1495812
528,1496436
532,1497056
536,1497668
540,1498284
544,1498892
548,1499504
552,1500112
556,1500716
560,1501328
564,1501924
568,1502516
572,1503124
576,1503720
580,1504320
584,1504908
588,1505496
592,1506080
596,1506660
600,1507240
604,1507820
608,1508404
612,1508968
616,1509552
620,1510120
624,1510688
628,1511256
632,1511820
636,1512384
640,1512944
644,1513508
648,1514064
652,1514628
656,1515184
660,1515748
664,1516304
668,1516884
672,1517440
676,1518000
680,1518560
684,1519136
688,1519700
692,1520256
700,1521112
704,1521692
708,1522248
712,1522808
716,1523384
720,1523944
728,1524804
732,1525376
736,1525940
740,1526512
744,1527076
752,1527900
756,1528476
760,1529052
764,1529612
772,1530440
776,1531020
780,1531592
788,1532448
792,1533028
796,1533600
804,1534436
808,1535016
812,1535588
820,1536404
824,1536972
828,1537552
836,1538352
840,1538940
844,1539500
852,1540284
856,1540872
860,1541436
868,1542188
872,1542780
876,1543340
884,1544072
888,1544668
896,1545480
900,1546072
908,1546884
912,1547480
920,1548280
924,1548876
932,1549664
936,1550252
944,1551032
948,1551628
956,1552400
960,1552988
968,1553740
972,1554328
980,1555096
984,1555692
992,1556432
996,1557028
1004,1557812
1012,1558700
1020,1559600
1028,1560468
1036,1561336
1044,1562196
1052,1563036
1060,1563892
1068,1564748
1076,1565588
1084,1566436
1092,1567296
1100,1568136
1108,1568976
1116,1569808
1124,1570632
1132,1571452
1140,1572276
1148,1573100
1156,1573920
1164,1574728
1172,1575540
1180,1576348
1188,1577160
1196,1577952
1204,1578752
1212,1579556
1220,1580352
1228,1581148
1236,1581928
1244,1582716
1252,1583500
1260,1584284
1268,1585056
1276,1585832
1284,1586604
1292,1587384
1300,1588152
1308,1588920
1316,1589688
1324,1590460
1332,1591212
1340,1591968
1348,1592724
1356,1593484
1364,1594224
1372,1594976
1380,1595728
1388,1596480
1396,1597216
1404,1597952
1412,1598696
1420,1599432
1428,1600168
1436,1600896
1444,1601628
1452,1602344
1460,1603064
1468,1603792
1476,1604504
1484,1605224
1492,1605940
1500,1606652
1508,1607360
1516,1608072
1524,1608784
1532,1609476
1540,1610180
1548,1610884
1556,1611580
1564,1612276
1572,1612980
1580,1613664
1588,1614356
1596,1615052
1604,1615732
1612,1616424
1620,1617112
1628,1617788
1636,1618468
1644,1619156
1652,1619828
1660,1620504
1668,1621184
1676,1621852
1684,1622520
1692,1623196
1700,1623860
1708,1624532
1716,1625200
1724,1625864
1732,1626536
1740,1627204
1748,1627868
1756,1628556
1764,1629224
1772,1629888
1780,1630576
1788,1631244
1796,1631908
1808,1632748
1816,1633420
1824,1634100
1832,1634784
1840,1635456
1852,1636284
1860,1636972
1868,1637656
1876,1638324
1888,1639136
1896,1639820
1904,1640504
1916,1641336
1924,1642020
1932,1642704
1944,1643512
1952,1644196
1960,1644880
1972,1645688
1980,1646380
1992,1647220
2000,1647920
2012,1648760
2020,1649452
2032,1650276
2040,1650980
2052,1651800
2060,1652496
2072,1653304
2080,1654004
2092,1654808
2100,1655504
2112,1656300
2120,1657004
2132,1657792
2140,1658492
2152,1659272
2160,1659972
2172,1660748
2180,1661452
2192,1662224
2200,1662916
2212,1663684
2220,1664388
2232,1665164
2240,1665844
2252,1666600
2260,1667284
2272,1668036
2280,1668720
2292,1669468
2304,1670332
2316,1671184
2328,1672024
2340,1672872
2352,1673716
2364,1674560
2376,1675396
2388,1676240
2400,1677072
2412,1677908
2424,1678744
2436,1679580
2448,1680412
2460,1681228
2472,1682056
2484,1682876
2496,1683704
2508,1684532
2520,1685344
2532,1686164
2544,1686976
2556,1687792
2568,1688600
2580,1689412
2592,1690220
2604,1691020
2616,1691836
2628,1692632
2640,1693424
2652,1694216
2664,1695008
2676,1695820
2688,1696588
2700,1697380
2712,1698164
2724,1698968
2736,1699724
2748,1700504
2760,1701300
2772,1702084
2784,1702852
2796,1703628
2808,1704400
2820,1705176
2832,1705940
2844,1706708
2856,1707472
2868,1708244
2880,1709000
2892,1709764
2904,1710524
2916,1711288
2928,1712040
2940,1712796
2952,1713548
2964,1714308
2976,1715056
2988,1715808
3000,1716556
3012,1717304
3024,1718048
3036,1718788
3048,1719532
3060,1720264
3072,1720996
3084,1721732
3096,1722468
3108,1723200
3120,1723932
3132,1724668
3144,1725396
3156,1726132
3168,1726868
3180,1727600
3192,1728332
3204,1729080
3216,1729828
3232,1730688
3244,1731412
3256,1732148
3268,1732880
3280,1733624
3296,1734488
3308,1735220
3320,1735952
3332,1736700
3348,1737556
3360,1738292
3372,1739044
3388,1739912
3400,1740640
3416,1741540
3428,1742272
3440,1743040
3456,1743852
3468,1744588
3484,1745464
3496,1746216
3512,1747076
3524,1747820
3540,1748668
3552,1749416
3568,1750264
3580,1751012
3596,1751848
3608,1752612
3624,1753432
3636,1754200
3652,1755008
3664,1755772
3680,1756572
3692,1757340
3708,1758140
3720,1758908
3736,1759704
3748,1760472
3764,1761252
3776,1762020
3792,1762808
3804,1763572
3820,1764348
3836,1765228
3852,1766096
3868,1766964
3884,1767836
3900,1768712
3916,1769580
3932,1770432
3948,1771296
3964,1772156
3980,1773016
3996,1773872
4012,1774736
4028,1775584
4044,1776436
4060,1777284
4076,1778136
4092,1778984
4108,1779840
4124,1780676
4140,1781524
4156,1782364
4172,1783208
4188,1784056
4204,1784892
4220,1785728
4236,1786560
4252,1787388
4268,1788216
4284,1789052
4300,1789872
4316,1790696
4332,1791516
4348,1792336
4364,1793160
4380,1793972
4396,1794788
4412,1795608
4428,1796420
4444,1797256
4460,1798044
4476,1798852
4492,1799664
4508,1800472
4524,1801288
4540,1802088
4556,1802892
4572,1803696
4588,1804524
4604,1805320
4620,1806116
4636,1806916
4652,1807716
4668,1808528
4684,1809320
4700,1810120
4716,1810920
4732,1811716
4748,1812532
4768,1813420
4784,1814236
4800,1815032
4816,1815832
4836,1816764
4852,1817556
4868,1818356
4888,1819264
4904,1820076
4920,1820876
4940,1821804
4956,1822600
4972,1823416
4992,1824288
5008,1825104
5028,1826040
5044,1826852
5064,1827728
5080,1828560
5100,1829452
5116,1830268
5136,1831156
5152,1831968
5172,1832844
5188,1833660
5208,1834536
5224,1835348
5244,1836224
5260,1837052
5280,1837896
5296,1838728
5316,1839576
5332,1840408
5352,1841252
5368,1842076
5388,1842916
5408,1843840
5428,1844764
5448,1845676
5468,1846592
5488,1847512
5508,1848424
5528,1849328
5548,1850232
5568,1851140
5588,1852044
5608,1852948
5628,1853852
5648,1854760
5668,1855656
5688,1856556
5708,1857448
5728,1858344
5748,1859240
5768,1860132
5788,1861032
5808,1861924
5828,1862816
5848,1863700
5868,1864576
5888,1865460
5908,1866340
5928,1867216
5948,1868092
5968,1868976
5988,1869852
6008,1870720
6028,1871592
6048,1872464
6068,1873332
6088,1874208
6108,1875076
6128,1875936
6148,1876800
6168,1877668
6188,1878536
6208,1879400
6228,1880284
6248,1881164
6268,1882020
6288,1882884
6308,1883748
6332,1884696
6352,1885592
6372,1886456
6392,1887320
6416,1888280
6436,1889152
6456,1890016
6480,1890956
6500,1891848
6520,1892712
6544,1893668
6564,1894548
6584,1895404
6608,1896332
6628,1897224
6652,1898180
6672,1899060
6696,1900004
6716,1900880
6740,1901844
6760,1902708
6784,1903660
6804,1904516
6828,1905448
6848,1906328
6872,1907252
6892,1908128
6916,1909076
6936,1909940
6960,1910872
6981,1911732
7004,1912660
7028,1913640
7052,1914608
7076,1915576
7100,1916544
7124,1917512
7148,1918472
7172,1919436
7196,1920400
7220,1921364
7244,1922324
7268,1923280
7292,1924240
7316,1925196
7340,1926156
7364,1927100
7388,1928060
7412,1929008
7436,1929964
7460,1930904
7484,1931848
7508,1932792
7532,1933732
7556,1934680
7580,1935620
7604,1936556
7628,1937492
7652,1938424
7676,1939356
7700,1940288
7724,1941224
7748,1942156
7772,1943088
7796,1944020
7820,1944948
7844,1945880
7868,1946804
7892,1947732
7916,1948656
7940,1949600
7964,1950544
7992,1951540
8016,1952468
8040,1953412
8064,1954356
8092,1955348
8116,1956276
8140,1957220
8164,1958164
8192,1959152
8216,1960112
8244,1961116
8268,1962076
8296,1963064
8320,1964020
8348,1965008
8372,1965968
8400,1966952
8424,1967912
8452,1968892
8476,1969852
8504,1970824
8528,1971784
8556,1972756
8580,1973716
8608,1974688
8632,1975648
8660,1976608
8688,1977640
8716,1978668
8744,1979692
8772,1980716
8800,1981736
8828,1982776
8856,1983780
8884,1984800
8912,1985820
8940,1986840
8968,1987852
8996,1988888
9024,1989920
9052,1990912
9080,1991916
9108,1992944
9136,1993932
9164,1994948
9192,1995952
9220,1996952
9248,1997952
9276,1998952
9304,1999948
9332,2000948
9360,2001904
9388,2002920
9416,2003928
9444,2004920
9472,2005912
9500,2006904
9528,2007912
9560,2008992
9588,2009984
9616,2010976
9644,2012000
9676,2013052
9704,2014044
9732,2015052
9764,2016124
9792,2017116
9820,2018140
9852,2019184
9880,2020208
9912,2021256
9940,2022280
9972,2023320
10000,2024420
10032,2025528
10064,2026628
10096,2027724
10128,2028824
10164,2029988
10196,2031088
10228,2032220
10260,2033320
10296,2034472
10328,2035588
10360,2036704
10396,2037864
10428,2038996
10464,2040152
10496,2041284
10532,2042444
10564,2043576
10600,2044728
10632,2045860
10668,2047004
10704,2048240
10736,2049368
10772,2050500
10808,2051672
10844,2052864
10880,2054040
10916,2055272
10952,2056464
10988,2057652
11024,2058836
11060,2059996
11096,2061176
11132,2062376
11168,2063552
11204,2064724
11240,2065896
11276,2067064
11312,2068240
11348,2069408
11384,2070588
11420,2071756
11456,2072920
11492,2074084
11528,2075260
11564,2076440
11600,2077604
11640,2078836
11676,2080012
11712,2081192
11748,2082356
11788,2083572
11824,2084784
11860,2085988
11900,2087224
11940,2088468
11980,2089732
12020,2090992
12060,2092264
12100,2093528
12140,2094784
12180,2096044
12220,2097340
12260,2098596
12300,2099824
12340,2101072
12380,2102336
12420,2103584
12460,2104828
12500,2106036
12540,2107296
12580,2108560
12620,2109796
12660,2111028
12700,2112260
12740,2113492
12780,2114724
12820,2115952
12860,2117176
12900,2118404
12940,2119632
12980,2120864
13020,2122124
13064,2123412
13104,2124672
13148,2125964
13188,2127224
13232,2128500
13272,2129760
13316,2131044
13356,2132304
13400,2133576
13444,2134900
13488,2136256
13532,2137572
13576,2138852
13620,2140184
13664,2141516
13708,2142792
13752,2144136
13796,2145452
13840,2146756
13884,2148052
13928,2149352
13972,2150656
14016,2151952
14060,2153244
14104,2154544
14148,2155840
14192,2157132
14236,2158424
14281,2159740
14328,2161104
14372,2162396
14420,2163784
14464,2165072
14512,2166456
14556,2167748
14604,2169136
14652,2170520
14700,2171912
14748,2173292
14796,2174664
14844,2176052
14892,2177432
14940,2178808
14988,2180192
15036,2181564
15084,2182928
15132,2184316
15180,2185680
15228,2187024
15276,2188428
15324,2189760
15372,2191116
15420,2192484
15468,2193872
15516,2195228
15565,2196624
15616,2198036
15664,2199396
15716,2200852
15764,2202208
15816,2203656
15865,2205044
15916,2206440
15968,2207892
16020,2209336
16072,2210780
16124,2212232
16176,2213672
16228,2215120
16280,2216552
16332,2217988
16384,2219420
16436,2220844
16488,2222284
16540,2223716
16592,2225144
16644,2226608
16696,2228028
16748,2229456
16804,2230932
16856,2232392
16908,2233812
16964,2235292
17016,2236752
17072,2238252
17128,2239772
17184,2241272
17240,2242792
17296,2244296
17352,2245816
17408,2247316
17464,2248828
17520,2250324
17576,2251824
17628,2253308
17684,2254760
17740,2256256
17796,2257748
17852,2259240
17908,2260728
17964,2262248
18020,2263732
18076,2265224
18132,2266712
18192,2268248
18248,2269764
18308,2271336
18364,2272820
18424,2274380
18480,2275864
18540,2277424
18596,2278908
18656,2280464
18716,2282028
18776,2283588
18836,2285152
18892,2286708
18952,2288232
19012,2289788
19072,2291344
19132,2292940
19192,2294492
19252,2296048
19312,2297596
19372,2299184
19436,2300776
19496,2302364
19560,2303952
19620,2305540
19684,2307132
19744,2308712
19808,2310308
19872,2311928
19936,2313564
20000,2315184
20064,2316816
20128,2318440
20192,2320064
20256,2321720
20320,2323332
20384,2324952
20448,2326572
20512,2328236
20576,2329856
20644,2331552
20712,2333264
20780,2334964
20848,2336660
20912,2338280
20980,2339972
21048,2341664
21116,2343392
21184,2345048
21252,2346736
21320,2348432
21388,2350156
21456,2351804
21524,2353520
21592,2355248
21660,2356924
21728,2358608
21796,2360300
21864,2362048
21936,2363780
22008,2365544
22080,2367308
22148,2369024
22220,2370760
22292,2372496
22364,2374292
22436,2376044
22508,2377804
22576,2379512
22648,2381264
22720,2383012
22794,2384756
22864,2386504
22932,2388284
23008,2390076
23080,2391852
23152,2393600
23228,2395428
23304,2397260
23380,2399080
23456,2400916
23532,2402732
23604,2404544
23680,2406320
23756,2408144
23832,2409956
23908,2411804
23984,2413616
24060,2415424
24136,2417280
24216,2419184
24296,2421076
24376,2422964
24452,2424772
24524,2426616
24604,2428500
24684,2430384
24764,2432268
24840,2434112
24916,2435992
24992,2437868
25072,2439744
25156,2441664
25236,2443624
25312,2445504
25396,2447464
25480,2449420
25564,2451336
25644,2453248
25720,2455196
25804,2457148
25888,2459096
25972,2461040
26052,2462980
26128,2464888
26212,2466828
26296,2468760
26380,2470736
26464,2472724
26544,2474696
26628,2476640
26716,2478692
26800,2480664
26876,2482604
26960,2484608
27048,2486612
27136,2488624
27220,2490596
27296,2492604
27384,2494608
27476,2496696
27564,2498740
27644,2500796
27732,2502836
27820,2504872
27912,2506912
27996,2508952
28080,2511068
28168,2513104
28260,2515216
28348,2517252
28432,2519368
28524,2521444
28612,2523544
28704,2525652
28788,2527724
28876,2529872
28972,2532016
29068,2534156
29156,2536260
29236,2538364
29328,2540500
29424,2542676
29516,2544848
29592,2546988
29688,2549160
29788,2551344
29880,2553512
29960,2555728
30056,2557896
30156,2560144
30248,2562308
30324,2564476
30420,2566676
30520,2568880
30612,2571116
30692,2573324
30792,2575600
30892,2577800
30988,2580072
31068,2582276
31172,2584628
31272,2586860
31368,2589092
31452,2591352
31556,2593620
31660,2595924
31744,2598184
31836,2600568
31940,2602832
32044,2605172
32128,2607548
32228,2609844
32336,2612180
32436,2614512
32516,2616840
32620,2619168
32728,2621536
32820,2623828
32904,2626224
33012,2628584
33112,2630948
33192,2633316
33288,2635704
33400,2638140
33496,2640500
33572,2642856
33684,2645324
33796,2647720
33864,2650196
33964,2652664
34076,2655088
34172,2657520
34252,2659976
34364,2662436
34476,2664944
34548,2667404
34660,2669976
34774,2672432
34868,2674972
34960,2677508
35076,2680036
35176,2682492
35260,2685092
35372,2687612
35488,2690140
35564,2692664
35672,2695264
35792,2697816
35886,2700372
35976,2702968
36100,2705636
36204,2708220
36289,2710812
36404,2713428
36516,2716092
36596,2718708
36708,2721364
36824,2724060
36904,2726756
37016,2729440
37136,2732128
37212,2734784
37324,2737504
37452,2740184
37524,2742872
37632,2745668
37760,2748380
37836,2751180
37940,2753964
38068,2756748
38140,2759508
38252,2762380
38376,2765184
38444,2767972
38552,2770780
38676,2773596
38744,2776380
38864,2779224
38980,2782076
39056,2784924
39184,2787772
39292,2790700
39372,2793620
39502,2796460
39596,2799308
39684,2802228
39820,2805140
39900,2808140
40016,2811132
40144,2814044
40216,2816952
40344,2819892
40460,2822884
40540,2825828
40672,2828804
40760,2831716
40862,2834764
41000,2837736
41072,2840720
41190,2843796
41304,2846808
41384,2849772
41512,2852812
41600,2855788
41700,2858904
41836,2862020
41908,2865092
42038,2868196
42140,2871268
42228,2874380
42364,2877516
42440,2880616
42560,2883756
42672,2886932
42756,2890100
42896,2893348
42972,2896512
43100,2899756
43212,2902924
43306,2906232
43440,2909472
43516,2912780
43648,2916056
43740,2919256
43844,2922632
43964,2925864
44048,2929164
44176,2932500
44260,2935804
44376,2939140
44480,2942440
44576,2945808
44704,2949184
44780,2952552
44912,2955880
45004,2959212
45120,2962616
45220,2966024
45324,2969504
45452,2972904
45536,2976232
45664,2979632
45748,2983000
45872,2986396
45972,2989800
46076,2993232
46196,2996672
46280,3000064
46416,3003464
46496,3006936
46624,3010408
46716,3013840
46832,3017308
46940,3020712
47032,3024208
47156,3027572
47244,3030996
47376,3034504
47458,3037900
47584,3041364
47680,3044832
47792,3048292
47900,3051728
47988,3055156
48112,3058580
48190,3062012
48324,3065472
48404,3068864
48528,3072360
48628,3075832
48736,3079292
48848,3082760
48940,3086216
49068,3089648
49148,3093104
49280,3096564
49364,3100148
49496,3103644
49584,3107076
49696,3110644
49800,3114076
49888,3117568
50012,3120992
50096,3124528
50228,3127988
50304,3131492
50432,3135056
50524,3138568
50636,3142060
50740,3145520
50844,3149056
50960,3152552
51048,3156088
51180,3159624
51260,3163120
51388,3166616
51476,3170116
51598,3173612
51692,3177072
51800,3180640
51900,3184176
51996,3187672
52116,3191176
52206,3194664
52340,3198164
52416,3201652
52544,3205076
52640,3208724
52756,3212180
52860,3215644
52964,3219132
53072,3222632
53164,3226124
53296,3229616
53380,3233120
53508,3236608
53588,3240144
53712,3243632
53808,3247172
53920,3250664
54025,3254124
54120,3257652
54236,3261144
54324,3264640
54456,3268132
54528,3271560
54660,3275124
54744,3278616
54864,3282108
54964,3285604
55068,3289100
55180,3292588
55268,3296084
55392,3299580
55476,3303036
55604,3306508
55684,3310060
55808,3313552
55900,3317052
56008,3320540
56112,3324040
56208,3327528
56324,3331016
56408,3334512
56540,3338000
56620,3341500
56748,3344988
56834,3348476
56956,3352052
57054,3355508
57160,3359072
57268,3362604
57363,3366100
57488,3369744
57576,3373308
57700,3376804
57776,3380300
57904,3383792
57996,3387356
58120,3390888
58220,3394416
58332,3397948
58440,3401404
58532,3404964
58660,3408540
58744,3412036
58876,3415600
58952,3419092
59087,3422620
59176,3426152
59304,3429872
59402,3433332
59512,3436896
59616,3440428
59718,3443988
59836,3447488
59920,3451016
60052,3454472
60128,3458000
60256,3461532
60344,3465024
60468,3468628
60560,3472156
60672,3475684
60776,3479144
60876,3482744
60996,3486276
61080,3489768
61212,3493296
61288,3496752
61416,3500320
61504,3503888
61628,3507488
61724,3511020
61832,3514580
61936,3518008
62036,3521608
62156,3525140
62242,3528628
62376,3532192
62460,3535684
62592,3539256
62676,3542748
62804,3546312
62900,3549880
63008,3553440
63112,3556900
63212,3560420
63332,3563956
63416,3567476
63544,3570976
63624,3574464
63756,3578032
63844,3581600
63968,3585164
64056,3588620
64168,3592140
64272,3595640
64376,3599200
64488,3602696
64572,3606200
64700,3609744
64780,3613236
64912,3616804
64992,3620292
65116,3623780
65212,3627308
65320,3630832
65424,3634408
65520,3637964
65636,3641460
65724,3645024
65848,3648584
65932,3652080
66060,3655640
66140,3659204
66264,3662772
66356,3666300
66474,3669824
66576,3673400
66680,3676956
66788,3680564
66886,3684088
67008,3687736
67092,3691256
67220,3694784
67300,3698352
67428,3701916
67516,3705408
67640,3709040
67732,3712496
67840,3716020
67944,3719664
68044,3723224
68160,3726752
68244,3730280
68372,3733840
68452,3737328
68580,3740964
68660,3744452
68784,3748016
68880,3751740
69004,3755376
69104,3758868
69216,3762472
69316,3765996
69416,3769556
69536,3773048
69624,3776684
69756,3780176
69836,3783740
69968,3787296
70048,3790784
70176,3794420
70268,3797876
70374,3801472
70476,3804964
70580,3808524
70696,3812016
70788,3815652
70916,3819220
71000,3822784
71128,3826308
71208,3829836
71328,3833392
71420,3836884
71540,3840480
71632,3843936
71736,3847496
71844,3850988
71940,3854700
72056,3858188
72140,3861748
72268,3865240
72344,3868800
72472,3872288
72560,3875780
72684,3879372
72780,3882864
72890,3886424
72992,3889956
73088,3893516
73204,3897008
73292,3900640
73424,3904208
73504,3907768
73636,3911336
73720,3914972
73848,3918540
73936,3922220
74056,3925776
74156,3929344
74264,3932868
74368,3936428
74468,3939920
74592,3943520
74672,3947040
74802,3950532
74882,3954092
75012,3957656
75096,3961220
75220,3964744
75316,3968312
75424,3971832
75532,3975440
75632,3978964
75744,3982524
75836,3986088
75964,3989652
76046,3993176
76176,3996772
76256,4000264
76380,4003788
76476,4007396
76596,4010920
76696,4014448
76804,4018044
76908,4021568
76996,4025060
77120,4028628
77204,4032192
77328,4035752
77408,4039244
77532,4042804
77620,4046296
77740,4049848
77836,4053344
77948,4056908
78052,4060512
78150,4064036
78264,4067596
78348,4071088
78480,4074724
78564,4078216
78696,4081780
78780,4085348
78900,4088948
78996,4092436
79108,4095996
79212,4099604
79314,4103124
79420,4106652
79509,4110144
79636,4113760
79720,4117264
79852,4120832
79928,4124320
80052,4127880
80136,4131336
80256,4134860
80356,4138500
80460,4142024
80568,4145632
80664,4149196
80784,4152756
80868,4156252
81000,4159884
81084,4163380
81216,4166944
81296,4170436
81416,4173996
81520,4177564
81628,4181164
81732,4184696
81832,4188256
81946,4191744
82032,4195232
82160,4198836
82244,4202400
82376,4206000
82456,4209456
82576,4212984
82672,4216624
82796,4220264
82896,4223756
83008,4227320
83116,4230888
83212,4234492
83332,4238020
83420,4241660
83548,4245148
83628,4248640
83760,4252148
83844,4255620
83968,4259220
84060,4262676
84168,4266276
84276,4269732
84376,4273292
84492,4276780
84576,4280272
84708,4283912
84788,4287440
84916,4290968
85004,4294536
85128,4298176
85224,4301820
85344,4305380
85444,4308840
85548,4312400
85664,4315928
85760,4319644
85880,4323132
85964,4326660
86096,4330192
86176,4333752
86308,4337244
86396,4340884
86516,4344408
86616,4347976
86724,4351504
86828,4355072
86924,4358632
87044,4362120
87128,4365684
87260,4369172
87340,4372732
87468,4376224
87552,4379788
87676,4383428
87772,4387156
87892,4390748
87992,4394276
88100,4397800
88208,4401444
88302,4404968
88424,4408528
88504,4412016
88636,4415652
88718,4419140
88844,4422704
88928,4426192
89052,4429768
89152,4433392
89264,4436952
89372,4440516
89472,4444072
89586,4447604
89672,4451124
89804,4454724
89888,4458252
90016,4461816
90096,4465376
90224,4468936
90316,4472504
90432,4476100
90528,4479588
90636,4483184
90748,4486748
90848,4490380
90964,4493872
91048,4497432
91172,4500988
91256,4504480
91383,4508112
91468,4511636
91592,4515232
91684,4518720
91800,4522316
91900,4525840
92008,4529400
92116,4533044
92212,4536672
92332,4540240
92416,4543800
92548,4547360
92628,4550920
92756,4554476
92840,4558036
92964,4561632
93056,4565160
93172,4568716
93276,4572280
93388,4575872
93496,4579404
93594,4582992
93712,4586556
93796,4590076
93928,4593632
94008,4597192
94136,4600752
94220,4604316
94344,4607952
94444,4611668
94564,4615300
94664,4618864
94768,4622456
94876,4625980
94976,4629616
95092,4633108
95176,4636740
95308,4640300
95392,4643936
95524,4647492
95608,4651204
95744,4654768
95832,4658404
95956,4661964
96052,4665564
96160,4669120
96264,4672684
96366,4676236
96476,4679836
96572,4683548
96696,4687108
96784,4690744
96914,4694304
96996,4697796
97124,4701424
97204,4704916
97324,4708544
97424,4712264
97544,4715896
97644,4719460
97752,4723092
97856,4726584
97953,4730196
98072,4733780
98160,4737416
98292,4740976
98376,4744612
98504,4748168
98584,4751808
98716,4755368
98804,4758932
98924,4762484
99024,4766092
99136,4769688
99240,4773252
99340,4776812
99456,4780444
99544,4783968
99672,4787724
99760,4791320
99888,4794884
99964,4798408
100096,4802268
100184,4806064
100320,4809932
100408,4813660
100544,4817600
100640,4821396
100772,4825260
100864,4828988
100996,4832848
101092,4836648
101220,4840436
101316,4844304
101444,4848100
101548,4851972
101680,4855764
101780,4859560
101908,4863428
102008,4867376
102138,4871244
102236,4875036
102364,4878864
102468,4882852
102596,4886720
102696,4890520
102824,4894380
102928,4898332
103056,4902200
103156,4906072
103284,4909860
103392,4913808
103524,4917672
103624,4921468
103752,4925256
103860,4929052
103980,4932912
104084,4936640
104204,4940500
104312,4944372
104432,4948200
104540,4951992
104660,4955824
104768,4959692
104886,4963556
104996,4967316
105112,4971216
105224,4975012
105340,4978876
105456,4982632
105572,4986464
105684,4990328
105796,4994160
105912,4997996
106026,5001856
106140,5005724
106256,5009596
106364,5013388
106480,5017248
106592,5021044
106704,5024912
106820,5028744
106932,5032576
107048,5036404
107158,5040232
107272,5044024
107384,5047892
107508,5051840
107620,5055704
107740,5059536
107844,5063364
107968,5067164
108072,5071024
108196,5074856
108300,5078764
108424,5082560
108528,5086424
108656,5090224
108752,5094084
108880,5097880
108980,5101740
109112,5105536
109212,5109364
109340,5113196
109444,5117180
109568,5120940
109672,5124880
109802,5128672
109904,5132624
110036,5136452
110136,5140356
110268,5144228
110368,5148056
110500,5151888
110604,5155832
110732,5159632
110828,5163476
110960,5167292
111056,5171084
111188,5174880
111280,5178748
111416,5182576
111508,5186404
111648,5190200
111740,5194072
111880,5197940
111972,5201804
112108,5205604
112200,5209428
112336,5213260
112424,5217048
112568,5220924
112656,5224720
112792,5228512
112884,5232376
113024,5236252
113116,5240120
113252,5243988
113340,5247780
113480,5251648
113572,5255440
113712,5259232
113800,5263028
113932,5266856
114020,5270684
114160,5274552
114248,5278352
114388,5282180
114472,5286008
114612,5289800
114700,5293752
114840,5297580
114924,5301408
115064,5305200
115156,5309000
115292,5312860
115384,5316584
115512,5320448
115608,5324244
115740,5328108
115835,5331832
115969,5335692
116068,5339488
116196,5343316
116292,5347080
116416,5350940
116512,5354736
116640,5358604
116744,5362396
116868,5366224
116968,5369988
117092,5373844
117198,5377640
117312,5381472
117424,5385308
117542,5389136
117656,5392968
117772,5396796
117888,5400556
117996,5404420
118112,5408292
118224,5412120
118336,5415916
118452,5419784
118566,5423580
118680,5427484
118792,5431240
118904,5435100
119016,5438936
119128,5442804
119240,5446592
119352,5450420
119472,5454256
119580,5458084
119700,5461956
119804,5465784
119928,5469616
120032,5473444
120156,5477236
120264,5481104
120392,5484904
120492,5488764
120620,5492596
120712,5496428
120840,5500296
120940,5504156
121068,5507920
121168,5511748
121300,5515616
121396,5519480
121528,5523240
121618,5527068
121756,5530936
121848,5534796
121984,5538592
122076,5542388
122216,5546332
122308,5550268
122446,5553996
122536,5557856
122676,5561720
122764,5565516
122904,5569376
122995,5573172
123132,5577036
123220,5580792
123360,5584620
123452,5588524
123596,5592352
123684,5596140
123824,5600004
123914,5603800
124056,5607668
124148,5611532
124284,5615356
124376,5619220
124513,5623052
124604,5626952
124744,5630856
124836,5634728
124972,5638588
125064,5642492
125204,5646316
125294,5650112
125428,5653976
125524,5657908
125660,5661708
125748,5665532
125890,5669360
125984,5673264
126120,5677092
126212,5680916
126350,5684748
126440,5688608
126576,5692400
126668,5696228
126804,5700060
126892,5703924
127032,5707788
127124,5711648
127268,5715520
127360,5719384
127500,5723252
127592,5727112
127732,5730988
127820,5734852
127956,5738712
128045,5742500
128184,5746296
128272,5750160
128416,5754028
128504,5757856
128648,5761832
128740,5765704
128884,5769572
128968,5773400
129108,5777224
129196,5781100
129340,5784960
129428,5788832
129568,5792624
129656,5796452
129792,5800280
129886,5804076
130016,5807864
130108,5811724
130240,5815592
130334,5819384
130468,5823256
130564,5827116
130700,5831060
130800,5834936
130932,5838760
131028,5842596
131160,5846456
131256,5850328
131388,5854264
131484,5858132
131616,5862000
131712,5865872
131844,5869752
131936,5873528
132072,5877464
132168,5881260
132300,5885156
132400,5888984
132532,5892888
132624,5896716
132756,5900576
132852,5904368
132988,5908272
133084,5912104
133216,5915964
133312,5919828
133444,5923616
133544,5927488
133672,5931348
133772,5935216
133904,5939144
134002,5942940
134132,5946804
134232,5950668
134364,5954528
134460,5958392
134588,5962256
134688,5966052
134820,5969988
134916,5973780
135048,5977752
135148,5981580
135280,5985448
135380,5989236
135512,5993116
135608,5996960
135736,6000820
135840,6004612
135972,6008552
136072,6012424
136204,6016360
136300,6020224
136432,6024088
136530,6027884
136664,6031824
136764,6035692
136896,6039548
136992,6043344
137124,6047208
137228,6051076
137360,6054936
137460,6058728
137596,6062664
137696,6066532
137828,6070396
137928,6074260
138056,6078124
138156,6081972
138284,6085816
138384,6089576
138516,6093580
138612,6097460
138738,6101320
138836,6105192
138968,6109048
139068,6112848
139196,6116708
139292,6120572
139424,6124480
139522,6128308
139658,6132252
139756,6136116
139890,6139984
139992,6143780
140126,6147720
140224,6151588
140354,6155452
140456,6159316
140582,6163180
140684,6167056
140816,6170916
140916,6174788
141044,6178644
141144,6182440
141272,6186380
141376,6190256
141504,6194192
141604,6197984
141734,6201848
141836,6205676
141968,6209500
142068,6213364
142200,6217196
142300,6221104
142430,6225044
142532,6228908
142662,6232776
142760,6236648
142888,6240512
142988,6244300
143116,6248164
143220,6252028
143349,6255972
143448,6259832
143576,6263624
143676,6267488
143808,6271428
143904,6275292
144028,6279080
144128,6282876
144262,6286892
144360,6290752
144494,6294620
144596,6298484
144724,6302344
144824,6306140
144952,6310076
145056,6313940
145184,6317804
145284,6321676
145416,6325536
145512,6329400
145642,6333256
145740,6337056
145874,6340992
145972,6344860
146104,6348720
146204,6352548
146338,6356452
146440,6360316
146572,6364172
146672,6367972
146800,6371836
146904,6375780
147036,6379720
147136,6383580
147269,6387516
147364,6391316
147492,6395212
147588,6399040
147720,6402900
147820,6406696
147952,6410556
148052,6414428
148180,6418280
148280,6422076
148408,6425940
148508,6429800
148640,6433736
148740,6437532
148868,6441472
148972,6445344
149104,6449236
149204,6453064
149336,6456924
149436,6460724
149564,6464616
149670,6468440
149796,6472300
149900,6476100
150028,6479980
150128,6483820
150261,6487688
150364,6491556
150496,6495452
150596,6499276
150728,6503144
150828,6507008
150956,6510872
151056,6514664
151185,6518576
151288,6522464
151416,6526328
151516,6530192
151644,6534052
151740,6537916
151868,6541780
151968,6545640
152096,6549512
152200,6553368
152328,6557232
152432,6561104
152560,6564964
152664,6568824
152792,6572684
152896,6576480
153020,6580376
153124,6584276
153252,6588140
153356,6592012
153484,6595904
153584,6599736
153716,6603592
153816,6607388
153948,6611320
154052,6615188
154180,6619044
154280,6622912
154408,6626776
154512,6630640
154640,6634504
154744,6638296
154872,6642188
154972,6646016
155100,6649916
155204,6653676
155332,6657644
155436,6661472
155564,6665372
155664,6669132
155792,6673024
155896,6676852
156020,6680752
156124,6684512
156252,6688480
156360,6692468
156488,6696364
156588,6700196
156716,6704052
156820,6707920
156950,6711784
157052,6715644