0,116
0,344
0,572
0,800
0,1036
0,1308
0,1580
0,1856
0,2132
0,2408
0,2680
0,2952
0,3232
0,3504
0,3776
0,4048
0,4328
0,4600
0,4872
0,5152
0,5424
0,5700
0,5972
0,6252
0,6524
0,6796
0,7072
0,7352
0,7624
0,7896
0,8172
0,8452
0,8724
0,8996
0,9276
0,9548
0,9824
0,10096
0,10420
0,10736
0,11052
0,11372
0,11688
0,12004
0,12328
0,12644
0,12960
0,13276
0,13600
0,13916
0,14232
0,14556
0,14872
0,15188
0,15512
0,15828
0,16144
0,16468
0,16784
0,17100
0,17424
0,17740
0,18056
0,18372
0,18696
0,19012
0,19332
0,19652
0,19968
0,20288
0,20608
0,20924
0,21240
0,21564
0,21880
0,22196
0,22516
0,22836
0,23152
0,23472
0,23792
0,24112
0,24428
0,24752
0,25068
0,25384
0,25708
0,26024
0,26340
0,26660
0,26980
0,27296
0,27612
0,27932
0,28252
0,28568
0,28892
0,29208
0,29524
0,29844
0,30164
0,30480
0,30804
0,31120
0,31436
0,31760
0,32076
0,32392
0,32708
0,33032
0,33348
0,33664
0,33988
0,34304
0,34624
0,34944
0,35264
0,35580
0,35904
0,36220
0,36536
0,36852
0,37176
0,37492
0,37812
0,38136
0,38452
0,38768
0,39092
0,39408
0,39724
0,40048
0,40364
0,40680
0,41004
0,41320
0,41636
0,41952
0,42276
0,42592
0,42908
0,43232
0,43548
0,43864
0,44188
0,44504
0,44820
0,45144
0,45460
0,45776
0,46100
0,46416
0,46732
0,47052
0,47372
0,47692
0,48008
0,48328
0,48648
0,48964
0,49284
0,49600
0,49920
0,50240
0,50560
0,50876
0,51192
0,51520
0,51836
0,52152
0,52476
0,52792
0,53108
0,53432
0,53752
0,54068
0,54392
0,54708
0,55028
0,55352
0,55668
0,55984
0,56304
0,56628
0,56944
0,57264
0,57584
0,57904
0,58220
0,58544
0,58864
0,59180
0,59504
0,59820
0,60140
0,60464
0,60780
0,61100
0,61416
0,61744
0,62060
0,62376
0,62700
0,63020
0,63336
0,63660
0,63980
0,64296
0,64620
0,64936
0,65252
0,65576
0,65896
0,66212
0,66528
0,66852
0,67168
0,67488
0,67812
0,68128
0,68444
0,68768
0,69084
0,69404
0,69728
0,70044
0,70360
0,70684
0,71004
0,71320
0,71640
0,71964
0,72280
0,72600
0,72920
0,73240
0,73556
0,73880
0,74200
0,74516
0,74840
0,75156
0,75476
0,75800
0,76120
0,76436
0,76756
0,77080
0,77396
0,77716
0,78040
0,78356
0,78676
0,79000
0,79316
0,79636
0,79960
0,80276
0,80596
0,80920
0,81236
0,81552
0,81872
0,82196
0,82512
0,82828
0,83152
0,83468
0,83788
0,84108
0,84428
0,84744
0,85068
0,85384
0,85700
0,86024
0,86340
0,86660
0,86976
0,87300
0,87616
0,87936
0,88256
0,88576
0,88892
0,89216
0,89532
0,89852
0,90176
0,90492
0,90808
0,91124
0,91448
0,91768
0,92084
0,92408
0,92724
0,93044
0,93368
0,93684
0,94000
0,94324
0,94644
0,94960
0,95284
0,95600
0,95920
0,96236
0,96560
0,96880
0,97196
0,97520
0,97836
0,98156
0,98480
0,98796
0,99112
0,99436
0,99756
0,100076
0,100440
0,100800
0,101160
0,101528
0,101888
0,102252
0,102620
0,102976
0,103336
0,103704
0,104064
0,104424
0,104788
0,105148
0,105516
0,105876
0,106236
0,106604
0,106964
0,107324
0,107688
0,108048
0,108408
0,108776
0,109136
0,109496
0,109864
0,110224
0,110584
0,110952
0,111312
0,111680
0,112040
0,112400
0,112768
0,113128
0,113488
0,113852
0,114216
0,114576
0,114944
0,115304
0,115664
0,116032
0,116392
0,116756
0,117120
0,117480
0,117848
0,118208
0,118568
0,118932
0,119296
0,119656
0,120024
0,120384
0,120744
0,121112
0,121472
0,121836
0,122200
0,122564
0,122928
0,123288
0,123648
0,124016
0,124376
0,124736
0,125104
0,125464
0,125824
0,126192
0,126552
0,126916
0,127280
0,127644
0,128012
0,128368
0,128728
0,129092
0,129452
0,129812
0,130180
0,130540
0,130900
0,131268
0,131628
0,131988
0,132356
0,132716
0,133076
0,133444
0,133804
0,134168
0,134528
0,134888
0,135256
0,135616
0,135976
0,136344
0,136704
0,137064
0,137432
0,137792
0,138152
0,138520
0,138880
0,139240
0,139608
0,139968
0,140336
0,140696
0,141060
0,141424
0,141788
0,142148
0,142516
0,142876
0,143236
0,143604
0,143964
0,144328
0,144692
0,145052
0,145420
0,145780
0,146140
0,146508
0,146868
0,147228
0,147596
0,147956
0,148320
0,148684
0,149044
0,149408
0,149772
0,150136
0,150496
0,150864
0,151224
0,151592
0,151952
0,152316
0,152684
0,153044
0,153408
0,153776
0,154136
0,154496
0,154864
0,155224
0,155584
0,155952
0,156312
0,156680
0,157040
0,157404
0,157768
0,158132
0,158492
0,158860
0,159220
0,159580
0,159948
0,160312
0,160672
0,161040
0,161400
0,161760
0,162124
0,162488
0,162852
0,163212
0,163576
0,163940
0,164300
0,164660
0,165028
0,165388
0,165748
0,166112
0,166476
0,166832
0,167200
0,167560
0,167920
0,168288
0,168648
0,169012
0,169372
0,169732
0,170100
0,170460
0,170820
0,171184
0,171548
0,171908
0,172272
0,172636
0,172996
0,173364
0,173724
0,174092
0,174448
0,174808
0,175176
0,175536
0,175900
0,176264
0,176628
0,176988
0,177352
0,177716
0,178076
0,178444
0,178804
0,179164
0,179532
0,179892
0,180260
0,180620
0,180980
0,181344
0,181708
0,182068
0,182436
0,182796
0,183156
0,183524
0,183884
0,184244
0,184612
0,184972
0,185332
0,185700
0,186060
0,186428
0,186788
0,187148
0,187516
0,187876
0,188240
0,188604
0,188968
0,189328
0,189696
0,190056
0,190416
0,190784
0,191144
0,191512
0,191876
0,192236
0,192604
0,192964
0,193324
0,193692
0,194052
0,194412
0,194780
0,195140
0,195500
0,195868
0,196228
0,196588
0,196956
0,197320
0,197684
0,198044
0,198408
0,198772
0,199136
0,199496
0,199864
0,200224
0,200584
0,200952
0,201316
0,201676
0,202044
0,202404
0,202772
0,203132
0,203492
0,203860
0,204224
0,204584
0,204952
0,205312
0,205672
0,206036
0,206400
0,206756
0,207124
0,207484
0,207844
0,208212
0,208572
0,208936
0,209296
0,209656
0,210024
0,210384
0,210744
0,211112
0,211472
0,211832
0,212200
0,212560
0,212920
0,213288
0,213648
0,214008
0,214376
0,214736
0,215104
0,215464
0,215824
0,216192
0,216552
0,216912
0,217280
0,217640
0,218000
0,218368
0,218728
0,219088
0,219456
0,219816
0,220184
0,220544
0,220908
0,221272
0,221632
0,221996
0,222364
0,222724
0,223084
0,223452
0,223812
0,224176
0,224544
0,224904
0,225264
0,225632
0,225992
0,226360
0,226720
0,227080
0,227448
0,227808
0,228168
0,228536
0,228896
0,229256
0,229624
0,229984
0,230348
0,230716
0,231076
0,231444
0,231804
0,232164
0,232532
0,232892
0,233256
0,233620
0,233984
0,234344
0,234712
0,235072
0,235436
0,235804
0,236164
0,236524
0,236892
0,237252
0,237620
0,237980
0,238344
0,238712
0,239072
0,239436
0,239804
0,240164
0,240524
0,240892
0,241252
0,241616
0,241980
0,242344
0,242708
0,243072
0,243432
0,243800
0,244160
0,244524
0,244888
0,245252
0,245612
0,245980
0,246340
0,246700
0,247068
0,247428
0,247788
0,248156
0,248516
0,248884
0,249244
0,249608
0,249972
0,250332
0,250696
0,251064
0,251424
0,251784
0,252152
0,252516
0,252876
0,253244
0,253604
0,253972
0,254332
0,254696
0,255064
0,255424
0,255788
0,256156
0,256516
0,256876
0,257240
0,257600
0,257960
0,258328
0,258688
0,259048
0,259412
0,259772
0,260140
0,260500
0,260860
0,261228
0,261588
0,261948
0,262316
0,262676
0,263036
0,263404
0,263764
0,264128
0,264492
0,264852
0,265212
0,265580
0,265944
0,266308
0,266668
0,267032
0,267396
0,267760
0,268120
0,268484
0,268848
0,269208
0,269572
0,269932
0,270296
0,270660
0,271024
0,271392
0,271752
0,272112
0,272480
0,272840
0,273200
0,273568
0,273928
0,274288
0,274656
0,275016
0,275380
0,275744
0,276108
0,276468
0,276836
0,277196
0,277564
0,277924
0,278288
0,278656
0,279016
0,279376
0,279744
0,280108
0,280468
0,280836
0,281196
0,281560
0,281928
0,282288
0,282652
0,283016
0,283376
0,283744
0,284104
0,284464
0,284832
0,285196
0,285556
0,285924
0,286284
0,286648
0,287016
0,287376
0,287736
0,288104
0,288464
0,288832
0,289192
0,289552
0,289920
0,290280
0,290640
0,291008
0,291368
0,291728
0,292096
0,292460
0,292820
0,293188
0,293548
0,293916
0,294276
0,294640
0,295008
0,295368
0,295728
0,296096
0,296456
0,296820
0,297184
0,297548
0,297908
0,298276
0,298636
0,299000
0,299368
0,299728
0,300096
0,300456
0,300820
0,301188
0,301548
0,301912
0,302280
0,302640
0,303004
0,303372
0,303732
0,304096
0,304464
0,304824
0,305192
0,305552
0,305916
0,306284
0,306648
0,307008
0,307380
0,307740
0,308100
0,308468
0,308828
0,309188
0,309556
0,309916
0,310284
0,310648
0,311008
0,311376
0,311740
0,312100
0,312468
0,312828
0,313192
0,313560
0,313920
0,314284
0,314652
0,315012
0,315372
0,315740
0,316104
0,316472
0,316836
0,317196
0,317564
0,317928
0,318288
0,318656
0,319020
0,319380
0,319752
0,320112
0,320472
0,320840
0,321200
0,321568
0,321928
0,322288
0,322656
0,323016
0,323376
0,323744
0,324104
0,324468
0,324832
0,325196
0,325556
0,325924
0,326284
0,326648
0,327012
0,327376
0,327744
0,328104
0,328464
0,328828
0,329188
0,329548
0,329916
0,330276
0,330636
0,331004
0,331364
0,331728
0,332092
0,332456
0,332820
0,333180
0,333540
0,333908
0,334268
0,334628
0,334996
0,335356
0,335720
0,336084
0,336444
0,336808
0,337172
0,337532
0,337896
0,338260
0,338624
0,338988
0,339348
0,339712
0,340076
0,340440
0,340800
0,341164
0,341524
0,341888
0,342252
0,342616
0,342976
0,343344
0,343704
0,344072
0,344432
0,344796
0,345160
0,345524
0,345884
0,346252
0,346612
0,346972
0,347340
0,347704
0,348064
0,348432
0,348792
0,349156
0,349520
0,349884
0,350248
0,350612
0,350972
0,351340
0,351700
0,352064
0,352432
0,352792
0,353152
0,353520
0,353880
0,354244
0,354608
0,354972
0,355340
0,355700
0,356060
0,356428
0,356788
0,357152
0,357520
0,357880
0,358244
0,358612
0,358972
0,359332
0,359700
0,360060
0,360420
0,360788
0,361148
0,361516
0,361880
0,362240
0,362604
0,362968
0,363328
0,363696
0,364056
0,364416
0,364784
0,365148
0,365508
0,365876
0,366236
0,366604
0,366964
0,367328
0,367696
0,368056
0,368420
0,368784
0,369148
0,369508
0,369876
0,370236
0,370596
0,370964
0,371328
0,371688
0,372052
0,372416
0,372784
0,373144
0,373504
0,373872
0,374236
0,374596
0,374964
0,375324
0,375688
0,376052
0,376416
0,376776
0,377144
0,377508
0,377876
0,378236
0,378600
0,378968
0,379328
0,379688
0,380056
0,380416
0,380780
0,381148
0,381508
0,381872
0,382240
0,382600
0,382964
0,383332
0,383696
0,384064
0,384424
0,384784
0,385152
0,385512
0,385872
0,386240
0,386600
0,386964
0,387328
0,387692
0,388052
0,388420
0,388780
0,389148
0,389508
0,389872
0,390240
0,390600
0,390960
0,391328
0,391688
0,392052
0,392416
0,392780
0,393140
0,393508
0,393872
0,394232
0,394600
0,394960
0,395328
0,395692
0,396052
0,396420
0,396784
0,397144
0,397512
0,397876
0,398236
0,398604
0,398968
0,399328
0,399700
0,400060
0,400428
0,400788
0,401148
0,401516
0,401876
0,402240
0,402608
0,402968
0,403328
0,403696
0,404056
0,404420
0,404788
0,405148
0,405516
0,405876
0,406240
0,406608
0,406968
0,407332
0,407700
0,408060
0,408420
0,408788
0,409152
0,409512
0,409884
0,410244
0,410600
0,410968
0,411328
0,411696
0,412056
0,412416
0,412780
0,413144
0,413504
0,413872
0,414232
0,414592
0,414960
0,415320
0,415680
0,416048
0,416408
0,416772
0,417132
0,417496
0,417860
0,418220
0,418584
0,418948
0,419308
0,419672
0,420040
0,420400
0,420760
0,421124
0,421484
0,421848
0,422212
0,422576
0,422940
0,423300
0,423664
0,424032
0,424392
0,424752
0,425120
0,425480
0,425840
0,426208
0,426568
0,426928
0,427296
0,427656
0,428016
0,428384
0,428748
0,429116
0,429476
0,429836
0,430204
0,430564
0,430928
0,431292
0,431656
0,432016
0,432384
0,432744
0,433104
0,433472
0,433836
0,434200
0,434564
0,434924
0,435292
0,435652
0,436012
0,436380
0,436740
0,437104
0,437472
0,437832
0,438192
0,438560
0,438920
0,439284
0,439652
0,440012
0,440380
0,440740
0,441100
0,441468
0,441832
0,442192
0,442560
0,442920
0,443280
0,443648
0,444008
0,444372
0,444740
0,445100
0,445468
0,445828
0,446192
0,446560
0,446920
0,447280
0,447648
0,448012
0,448372
0,448740
0,449100
0,449460
0,449828
0,450188
0,450552
0,450920
0,451280
0,451648
0,452008
0,452368
0,452736
0,453096
0,453460
0,453824
0,454188
0,454548
0,454916
0,455276
0,455640
0,456008
0,456368
0,456736
0,457096
0,457456
0,457824
0,458188
0,458548
0,458916
0,459276
0,459640
0,460008
0,460368
0,460732
0,461100
0,461460
0,461820
0,462188
0,462548
0,462916
0,463280
0,463640
0,464008
0,464368
0,464728
0,465096
0,465456
0,465820
0,466188
0,466548
0,466908
0,467276
0,467636
0,468004
0,468368
0,468728
0,469096
0,469456
0,469820
0,470188
0,470548
0,470912
0,471280
0,471640
0,472004
0,472368
0,472732
0,473100
0,473460
0,473824
0,474192
0,474552
0,474916
0,475284
0,475644
0,476004
0,476372
0,476736
0,477096
0,477464
0,477828
0,478188
0,478556
0,478920
0,479288
0,479652
0,480012
0,480380
0,480740
0,481104
0,481472
0,481832
0,482192
0,482560
0,482920
0,483280
0,483648
0,484012
0,484376
0,484740
0,485100
0,485468
0,485832
0,486192
0,486560
0,486924
0,487284
0,487652
0,488012
0,488372
0,488740
0,489100
0,489464
0,489832
0,490192
0,490560
0,490924
0,491284
0,491652
0,492012
0,492376
0,492740
0,493104
0,493464
0,493832
0,494192
0,494556
0,494920
0,495284
0,495652
0,496012
0,496372
0,496740
0,497100
0,497464
0,497832
0,498192
0,498552
0,498920
0,499284
0,499644
0,500012
0,500372
0,500732
0,501100
0,501464
0,501832
0,502192
0,502556
0,502924
0,503284
0,503648
0,504016
0,504376
0,504736
0,505104
0,505468
0,505828
0,506196
0,506560
0,506928
0,507288
0,507652
0,508020
0,508380
0,508744
0,509112
0,509472
0,509836
0,510204
0,510568
0,510928
0,511300
0,511660
0,512032
0,512392
0,512752
0,513116
0,513476
0,513840
0,514204
0,514564
0,514924
0,515292
0,515652
0,516012
0,516380
0,516740
0,517100
0,517468
0,517832
0,518196
0,518560
0,518920
0,519288
0,519648
0,520008
0,520376
0,520736
0,521096
0,521464
0,521824
0,522188
0,522552
0,522916
0,523284
0,523644
0,524004
0,524372
0,524732
0,525092
0,525460
0,525820
0,526184
0,526548
0,526912
0,527272
0,527640
0,528000
0,528360
0,528728
0,529088
0,529456
0,529816
0,530180
0,530548
0,530908
0,531272
0,531636
0,532000
0,532360
0,532728
0,533088
0,533452
0,533816
0,534180
0,534548
0,534908
0,535268
0,535636
0,536000
0,536360
0,536728
0,537088
0,537448
0,537816
0,538176
0,538540
0,538908
0,539268
0,539628
0,539996
0,540356
0,540724
0,541088
0,541448
0,541816
0,542176
0,542540
0,542908
0,543268
0,543632
0,544000
0,544360
0,544720
0,545088
0,545448
0,545816
0,546176
0,546536
0,546904
0,547268
0,547628
0,547996
0,548356
0,548720
0,549088
0,549448
0,549812
0,550180
0,550540
0,550904
0,551268
0,551632
0,552000
0,552360
0,552724
0,553092
0,553452
0,553816
0,554180
0,554544
0,554904
0,555272
0,555636
0,555996
0,556364
0,556728
0,557096
0,557460
0,557820
0,558188
0,558552
0,558912
0,559280
0,559644
0,560004
0,560372
0,560736
0,561096
0,561464
0,561824
0,562192
0,562556
0,562920
0,563288
0,563648
0,564008
0,564376
0,564736
0,565096
0,565464
0,565828
0,566188
0,566556
0,566916
0,567280
0,567648
0,568008
0,568376
0,568736
0,569100
0,569468
0,569828
0,570192
0,570560
0,570920
0,571284
0,571648
0,572012
0,572372
0,572744
0,573104
0,573476
0,573836
0,574196
0,574564
0,574928
0,575288
0,575656
0,576020
0,576380
0,576744
0,577108
0,577468
0,577836
0,578196
0,578556
0,578928
0,579288
0,579656
0,580016
0,580376
0,580744
0,581104
0,581468
0,581836
0,582196
0,582560
0,582928
0,583288
0,583652
0,584020
0,584380
0,584748
0,585108
0,585472
0,585840
0,586200
0,586564
0,586928
0,587292
0,587652
0,588020
0,588384
0,588744
0,589116
0,589476
0,589844
0,590204
0,590568
0,590936
0,591296
0,591660
0,592028
0,592388
0,592752
0,593120
0,593480
0,593844
0,594212
0,594572
0,594936
0,595304
0,595664
0,596032
0,596392
0,596756
0,597124
0,597488
0,597848
0,598216
0,598580
0,598940
0,599308
0,599672
0,600036
0,600404
0,600764
0,601132
0,601496
0,601856
0,602224
0,602588
0,602948
0,603316
0,603680
0,604040
0,604412
0,604772
0,605136
0,605504
0,605864
0,606232
0,606596
0,606960
0,607328
0,607688
0,608052
0,608420
0,608780
0,609144
0,609512
0,609876
0,610236
0,610604
0,610968
0,611336
0,611700
0,612060
0,612428
0,612792
0,613156
0,613524
0,613888
0,614252
0,614620
0,614980
0,615340
0,615708
0,616072
0,616432
0,616800
0,617160
0,617528
0,617892
0,618252
0,618620
0,618980
0,619344
0,619712
0,620072
0,620436
0,620804
0,621164
0,621524
0,621892
0,622256
0,622624
0,622984
0,623348
0,623716
0,624080
0,624440
0,624808
0,625168
0,625532
0,625900
0,626260
0,626624
0,626992
0,627356
0,627724
0,628084
0,628444
0,628812
0,629176
0,629536
0,629904
0,630268
0,630632
0,631000
0,631360
0,631724
0,632092
0,632456
0,632816
0,633184
0,633548
0,633916
0,634280
0,634644
0,635012
0,635376
0,635736
0,636104
0,636468
0,636832
0,637200
0,637560
0,637924
0,638292
0,638656
0,639024
0,639388
0,639752
0,640120
0,640480
0,640840
0,641208
0,641568
0,641928
0,642296
0,642656
0,643016
0,643384
0,643744
0,644112
0,644476
0,644836
0,645204
0,645564
0,645924
0,646292
0,646652
0,647016
0,647384
0,647744
0,648104
0,648472
0,648832
0,649196
0,649564
0,649924
0,650292
0,650652
0,651016
0,651384
0,651744
0,652108
0,652476
0,652836
0,653200
0,653564
0,653928
0,654288
0,654656
0,655020
0,655388
0,655748
0,656108
0,656476
0,656836
0,657196
0,657564
0,657924
0,658284
0,658652
0,659012
0,659372
0,659740
0,660100
0,660460
0,660828
0,661188
0,661556
0,661916
0,662280
0,662648
0,663008
0,663368
0,663736
0,664096
0,664460
0,664824
0,665188
0,665548
0,665916
0,666276
0,666644
0,667004
0,667364
0,667732
0,668092
0,668452
0,668820
0,669180
0,669544
0,669908
0,670272
0,670632
0,671000
0,671360
0,671724
0,672092
0,672452
0,672816
0,673180
0,673540
0,673908
0,674268
0,674628
0,674996
0,675360
0,675720
0,676088
0,676448
0,676808
0,677176
0,677536
0,677904
0,678264
0,678628
0,678992
0,679356
0,679716
0,680084
0,680444
0,680804
0,681172
0,681532
0,681896
0,682260
0,682624
0,682984
0,683352
0,683712
0,684080
0,684440
0,684804
0,685168
0,685532
0,685892
0,686260
0,686620
0,686984
0,687352
0,687712
0,688076
0,688440
0,688804
0,689168
0,689532
0,689892
0,690260
0,690624
0,690984
0,691352
0,691712
0,692076
0,692444
0,692804
0,693164
0,693532
0,693896
0,694256
0,694624
0,694984
0,695352
0,695716
0,696080
0,696444
0,696808
0,697168
0,697536
0,697896
0,698256
0,698624
0,698988
0,699348
0,699716
0,700076
0,700444
0,700808
0,701168
0,701536
0,701900
0,702260
0,702628
0,702992
0,703352
0,703724
0,704084
0,704444
0,704812
0,705172
0,705540
0,705904
0,706264
0,706632
0,706996
0,707356
0,707724
0,708084
0,708448
0,708816
0,709176
0,709536
0,709904
0,710268
0,710628
0,710996
0,711360
0,711728
0,712092
0,712452
0,712820
0,713180
0,713544
0,713912
0,714276
0,714636
0,715008
0,715368
0,715732
0,716100
0,716464
0,716832
0,717192
0,717552
0,717920
0,718284
0,718644
0,719012
0,719376
0,719736
0,720104
0,720464
0,720824
0,721192
0,721556
0,721916
0,722284
0,722644
0,723012
0,723376
0,723736
0,724104
0,724464
0,724828
0,725196
0,725556
0,725920
0,726288
0,726648
0,727008
0,727380
0,727740
0,728108
0,728468
0,728832
0,729200
0,729560
0,729924
0,730292
0,730652
0,731012
0,731380
0,731744
0,732108
0,732476
0,732836
0,733204
0,733568
0,733928
0,734296
0,734660
0,735024
0,735392
0,735752
0,736116
0,736484
0,736848
0,737208
0,737576
0,737936
0,738300
0,738668
0,739028
0,739396
0,739756
0,740120
0,740488
0,740848
0,741208
0,741576
0,741940
0,742300
0,742672
0,743032
0,743396
0,743760
0,744124
0,744492
0,744852
0,745212
0,745580
0,745944
0,746304
0,746672
0,747036
0,747400
0,747768
0,748128
0,748488
0,748856
0,749220
0,749588
0,749948
0,750312
0,750680
0,751040
0,751404
0,751772
0,752136
0,752496
0,752864
0,753228
0,753588
0,753956
0,754320
0,754684
0,755052
0,755412
0,755784
0,756144
0,756508
0,756876
0,757236
0,757600
0,757968
0,758332
0,758692
0,759060
0,759424
0,759784
0,760156
0,760516
0,760884
0,761248
0,761608
0,761976
0,762340
0,762700
0,763072
0,763432
0,763796
0,764164
0,764524
0,764888
0,765256
0,765620
0,765988
0,766352
0,766712
0,767084
0,767448
0,767808
0,768180
0,768540
0,768900
0,769268
0,769628
0,769988
0,770356
0,770720
0,771088
0,771448
0,771808
0,772176
0,772540
0,772900
0,773268
0,773632
0,773992
0,774360
0,774724
0,775084
0,775452
0,775816
0,776176
0,776544
0,776908
0,777276
0,777636
0,778000
0,778368
0,778728
0,779092
0,779460
0,779820
0,780184
0,780552
0,780912
0,781276
0,781644
0,782004
0,782372
0,782736
0,783096
0,783464
0,783828
0,784188
0,784556
0,784920
0,785280
0,785648
0,786008
0,786372
0,786740
0,787100
0,787472
0,787832
0,788196
0,788564
0,788924
0,789288
0,789656
0,790016
0,790380
0,790748
0,791112
0,791472
0,791844
0,792204
0,792568
0,792936
0,793300
0,793668
0,794028
0,794392
0,794760
0,795124
0,795484
0,795856
0,796216
0,796580
0,796948
0,797308
0,797672
0,798040
0,798404
0,798772
0,799136
0,799500
0,799868
0,800232
0,800592
0,800960
0,801320
0,801680
0,802048
0,802408
0,802768
0,803136
0,803500
0,803868
0,804228
0,804588
0,804956
0,805320
0,805680
0,806048
0,806412
0,806772
0,807140
0,807500
0,807864
0,808232
0,808592
0,808956
0,809324
0,809684
0,810052
0,810412
0,810776
0,811144
0,811504
0,811868
0,812236
0,812600
0,812960
0,813328
0,813692
0,814052
0,814424
0,814784
0,815152
0,815516
0,815876
0,816248
0,816608
0,816972
0,817340
0,817700
0,818064
0,818432
0,818796
0,819160
0,819528
0,819888
0,820252
0,820612
0,820976
0,821340
0,821700
0,822064
0,822428
0,822788
0,823148
0,823516
0,823880
0,824240
0,824608
0,824968
0,825328
0,825692
0,826052
0,826420
0,826780
0,827144
0,827508
0,827872
0,828232
0,828600
0,828960
0,829320
0,829688
0,830048
0,830412
0,830780
0,831140
0,831508
0,831868
0,832232
0,832596
0,832960
0,833320
0,833684
0,834044
0,834408
0,834772
0,835136
0,835496
0,835864
0,836224
0,836584
0,836952
0,837312
0,837680
0,838040
0,838404
0,838768
0,839132
0,839492
0,839860
0,840220
0,840580
0,840948
0,841308
0,841672
0,842036
0,842400
0,842764
0,843124
0,843488
0,843856
0,844216
0,844576
0,844944
0,845304
0,845668
0,846032
0,846396
0,846756
0,847124
0,847484
0,847844
0,848212
0,848572
0,848940
0,849304
0,849664
0,850032
0,850392
0,850752
0,851120
0,851484
0,851844
0,852212
0,852572
0,852932
0,853300
0,853660
0,854028
0,854392
0,854752
0,855120
0,855484
0,855844
0,856212
0,856576
0,856936
0,857304
0,857668
0,858028
0,858396
0,858756
0,859120
0,859488
0,859848
0,860216
0,860576
0,860940
0,861308
0,861668
0,862028
0,862396
0,862760
0,863120
0,863488
0,863852
0,864212
0,864580
0,864940
0,865308
0,865668
0,866028
0,866396
0,866760
0,867120
0,867488
0,867852
0,868212
0,868580
0,868940
0,869304
0,869672
0,870032
0,870396
0,870764
0,871124
0,871492
0,871856
0,872216
0,872584
0,872944
0,873308
0,873676
0,874036
0,874396
0,874764
0,875128
0,875488
0,875860
0,876220
0,876588
0,876948
0,877312
0,877680
0,878040
0,878404
0,878772
0,879132
0,879496
0,879864
0,880228
0,880588
0,880956
0,881316
0,881684
0,882044
0,882408
0,882772
0,883136
0,883496
0,883864
0,884228
0,884588
0,884956
0,885316
0,885680
0,886048
0,886408
0,886768
0,887136
0,887496
0,887864
0,888228
0,888588
0,888956
0,889320
0,889680
0,890048
0,890412
0,890772
0,891140
0,891504
0,891864
0,892232
0,892596
0,892964
0,893328
0,893688
0,894056
0,894420
0,894780
0,895148
0,895512
0,895876
0,896244
0,896604
0,896968
0,897332
0,897696
0,898064
0,898424
0,898784
0,899152
0,899516
0,899876
0,900244
0,900608
0,900968
0,901336
0,901700
0,902060
0,902428
0,902788
0,903148
0,903516
0,903880
0,904248
0,904608
0,904968
0,905336
0,905700
0,906060
0,906428
0,906788
0,907152
0,907520
0,907880
0,908244
0,908612
0,908972
0,909340
0,909700
0,910064
0,910432
0,910792
0,911156
0,911524
0,911888
0,912248
0,912616
0,912980
0,913340
0,913708
0,914072
0,914440
0,914800
0,915164
0,915532
0,915892
0,916256
0,916624
0,916988
0,917348
0,917716
0,918080
0,918440
0,918808
4,932696
4,933064
4,933424
4,933788
4,934156
4,934520
4,934880
4,935248
4,935628
8,941168
8,941532
8,941892
8,942264
8,942624
8,942988
12,947380
12,947784
12,948192
12,948600
16,952452
16,952856
16,953260
16,953688
20,956792
20,957200
20,957612
24,960628
24,961032
24,961436
28,964108
28,964512
28,964940
32,967344
32,967756
32,968176
36,970384
36,970796
40,973240
40,973644
44,975936
44,976344
48,978500
48,978904
52,980920
52,981332
56,983228
56,983632
60,985464
60,985868
64,987624
64,988028
68,989708
68,990112
72,991720
72,992124
76,993692
76,994096
80,995584
80,995988
84,997432
84,997836
88,999216
88,999628
92,1000980
92,1001444
96,1002672
96,1003136
100,1004376
100,1004892
104,1006004
105,1006512
108,1007584
112,1009140
116,1010672
120,1012164
124,1013636
128,1015084
132,1016504
136,1017904
140,1019268
144,1020608
148,1021932
152,1023244
156,1024528
160,1025792
164,1027048
168,1028272
172,1029484
176,1030684
180,1031888
184,1033044
188,1034196
192,1035344
196,1036468
200,1037588
204,1038688
208,1039780
212,1040868
216,1041944
220,1043008
224,1044056
228,1045100
232,1046128
236,1047148
240,1048160
244,1049160
248,1050156
252,1051148
256,1052116
260,1053100
264,1054040
268,1055000
272,1055948
276,1056896
280,1057832
284,1058748
288,1059668
292,1060576
296,1061484
300,1062384
304,1063280
308,1064168
312,1065052
316,1065920
320,1066788
324,1067652
328,1068512
332,1069372
336,1070228
340,1071072
344,1071916
348,1072764
352,1073584
356,1074408
360,1075236
364,1076044
368,1076860
372,1077664
376,1078464
380,1079264
384,1080052
388,1080848
392,1081636
396,1082424
400,1083200
404,1083976
408,1084748
412,1085520
416,1086284
420,1087040
424,1087796
428,1088556
432,1089300
436,1090044
440,1090788
444,1091524
448,1092264
452,1092992
456,1093720
460,1094436
464,1095160
468,1095876
472,1096588
476,1097304
480,1098008
484,1098708
488,1099408
492,1100112
496,1100804
500,1101488
504,1102176
508,1102864
512,1103540
516,1104220
520,1104904
524,1105572
528,1106244
532,1106920
536,1107588
540,1108248
544,1108908
548,1109568
552,1110220
556,1110872
560,1111536
564,1112172
568,1112804
572,1113444
576,1114084
580,1114732
584,1115356
588,1115988
592,1116616
596,1117252
600,1117868
604,1118492
608,1119112
612,1119736
616,1120376
620,1120968
624,1121576
628,1122188
632,1122796
636,1123404
640,1124016
644,1124600
648,1125204
652,1125808
656,1126408
660,1127024
664,1127596
668,1128188
672,1128780
676,1129368
680,1129956
684,1130544
688,1131120
692,1131696
696,1132276
700,1132852
704,1133428
708,1134004
712,1134576
716,1135148
720,1135720
724,1136280
728,1136864
732,1137416
736,1137984
740,1138548
744,1139112
748,1139696
752,1140260
756,1140820
760,1141376
764,1141940
768,1142496
772,1143060
776,1143616
780,1144180
784,1144736
788,1145312
792,1145876
796,1146436
800,1146996
808,1147936
812,1148492
816,1149052
820,1149624
824,1150184
828,1150740
836,1151676
840,1152240
844,1152812
848,1153372
852,1153928
860,1154832
864,1155396
868,1155964
872,1156528
880,1157424
884,1157980
888,1158556
892,1159112
900,1159984
904,1160548
908,1161120
916,1162012
920,1162572
924,1163144
932,1164024
936,1164604
944,1165524
948,1166096
956,1167004
960,1167584
968,1168476
972,1169048
980,1169940
984,1170520
992,1171384
996,1171964
1004,1172888
1008,1173484
1016,1174328
1024,1175284
1032,1176232
1040,1177172
1048,1178112
1056,1179048
1064,1179980
1072,1180920
1080,1181852
1088,1182772
1096,1183684
1104,1184608
1112,1185524
1120,1186440
1128,1187348
1136,1188256
1144,1189164
1152,1190068
1160,1190968
1168,1191860
1176,1192748
1184,1193636
1192,1194524
1200,1195408
1208,1196292
1216,1197180
1224,1198052
1232,1198928
1240,1199800
1248,1200668
1256,1201528
1264,1202396
1272,1203248
1280,1204100
1288,1204952
1296,1205804
1304,1206648
1312,1207496
1320,1208340
1328,1209172
1336,1210012
1344,1210844
1352,1211676
1360,1212504
1368,1213324
1376,1214140
1384,1214964
1392,1215776
1400,1216596
1408,1217400
1416,1218212
1424,1219020
1432,1219832
1440,1220632
1448,1221428
1456,1222224
1464,1223020
1472,1223820
1480,1224604
1488,1225388
1496,1226176
1504,1226968
1512,1227748
1520,1228532
1528,1229312
1536,1230092
1544,1230880
1552,1231652
1560,1232428
1568,1233204
1576,1233980
1584,1234740
1592,1235508
1600,1236272
1608,1237040
1616,1237796
1624,1238560
1632,1239320
1640,1240084
1648,1240832
1656,1241584
1664,1242336
1672,1243080
1680,1243828
1688,1244572
1696,1245320
1704,1246056
1712,1246792
1720,1247528
1728,1248272
1736,1249000
1744,1249732
1752,1250468
1760,1251188
1768,1251912
1776,1252640
1784,1253364
1792,1254080
1800,1254800
1808,1255520
1816,1256232
1824,1256948
1832,1257664
1840,1258364
1848,1259076
1856,1259784
1864,1260488
1872,1261196
1880,1261900
1888,1262604
1896,1263300
1904,1264000
1912,1264708
1920,1265400
1928,1266096
1936,1266796
1944,1267484
1952,1268180
1960,1268876
1968,1269560
1976,1270248
1984,1270944
1992,1271624
2000,1272308
2008,1272996
2016,1273672
2024,1274356
2032,1275044
2040,1275716
2048,1276396
2056,1277080
2064,1277744
2072,1278420
2080,1279096
2088,1279760
2096,1280432
2104,1281100
2112,1281764
2120,1282432
2128,1283100
2136,1283764
2144,1284432
2152,1285096
2160,1285768
2168,1286452
2176,1287112
2184,1287800
2196,1288668
2204,1289340
2212,1290020
2220,1290688
2229,1291372
2240,1292224
2248,1292892
2256,1293576
2264,1294256
2276,1295116
2284,1295800
2292,1296488
2304,1297344
2312,1298032
2320,1298716
2332,1299576
2340,1300256
2348,1300940
2360,1301784
2368,1302464
2376,1303152
2388,1303984
2396,1304672
2408,1305548
2416,1306236
2428,1307112
2436,1307796
2448,1308664
2456,1309368
2468,1310208
2476,1310912
2488,1311756
2496,1312452
2508,1313280
2516,1313980
2528,1314808
2536,1315508
2548,1316328
2556,1317032
2568,1317840
2576,1318540
2588,1319344
2596,1320044
2608,1320840
2616,1321540
2628,1322336
2636,1323040
2648,1323824
2660,1324720
2672,1325604
2680,1326304
2692,1327072
2704,1327960
2716,1328840
2728,1329724
2736,1330424
2748,1331196
2760,1332072
2772,1332952
2784,1333828
2796,1334700
2808,1335568
2820,1336448
2832,1337312
2844,1338180
2856,1339044
2868,1339900
2880,1340764
2892,1341644
2904,1342496
2916,1343328
2928,1344184
2940,1345052
2952,1345904
2964,1346752
2976,1347596
2988,1348432
3000,1349268
3012,1350108
3024,1350948
3036,1351788
3048,1352616
3060,1353456
3072,1354280
3084,1355112
3096,1355948
3108,1356768
3120,1357596
3132,1358420
3144,1359248
3156,1360076
3168,1360892
3180,1361712
3192,1362532
3204,1363348
3216,1364172
3228,1364980
3240,1365796
3252,1366612
3264,1367420
3276,1368236
3288,1369036
3300,1369844
3312,1370644
3324,1371444
3336,1372256
3348,1373048
3360,1373844
3372,1374640
3384,1375456
3396,1376224
3408,1377012
3420,1377808
3432,1378596
3444,1379404
3456,1380168
3468,1380952
3480,1381752
3492,1382536
3504,1383312
3516,1384092
3528,1384852
3540,1385652
3552,1386424
3564,1387204
3576,1387980
3588,1388764
3600,1389532
3612,1390304
3624,1391080
3636,1391856
3648,1392620
3660,1393388
3672,1394152
3684,1394924
3696,1395680
3708,1396440
3720,1397200
3732,1397968
3744,1398724
3756,1399480
3768,1400232
3780,1401000
3792,1401740
3804,1402492
3816,1403244
3828,1403996
3840,1404732
3852,1405480
3864,1406232
3876,1406972
3888,1407712
3900,1408456
3912,1409204
3924,1409940
3936,1410684
3948,1411428
3960,1412172
3972,1412904
3984,1413644
3996,1414388
4008,1415116
4020,1415852
4032,1416588
4044,1417328
4056,1418056
4068,1418792
4080,1419524
4092,1420252
4104,1420988
4116,1421720
4128,1422472
4140,1423200
4152,1423936
4168,1424828
4180,1425564
4192,1426292
4204,1427040
4220,1427936
4232,1428672
4244,1429416
4260,1430316
4272,1431052
4284,1431804
4300,1432688
4312,1433416
4324,1434168
4340,1435048
4352,1435780
4364,1436528
4380,1437408
4392,1438144
4408,1439052
4420,1439804
4436,1440696
4448,1441444
4464,1442332
4476,1443080
4492,1443964
4504,1444708
4520,1445580
4532,1446332
4548,1447204
4560,1447968
4576,1448812
4588,1449576
4604,1450412
4616,1451180
4632,1452016
4644,1452780
4660,1453616
4676,1454524
4688,1455288
4704,1456112
4716,1456880
4732,1457700
4744,1458468
4760,1459296
4776,1460196
4792,1461100
4808,1462000
4824,1462900
4840,1463804
4856,1464700
4872,1465600
4888,1466496
4904,1467384
4920,1468272
4936,1469164
4952,1470056
4968,1470936
4984,1471820
5000,1472708
5016,1473588
5032,1474464
5048,1475340
5064,1476216
5080,1477096
5096,1477968
5112,1478852
5128,1479724
5144,1480592
5160,1481468
5176,1482340
5192,1483212
5208,1484080
5224,1484972
5240,1485820
5256,1486684
5272,1487548
5288,1488408
5304,1489272
5320,1490152
5336,1491012
5352,1491864
5368,1492716
5384,1493568
5400,1494420
5416,1495276
5432,1496124
5448,1496964
5464,1497812
5480,1498644
5496,1499484
5512,1500356
5528,1501176
5544,1502040
5560,1502884
5576,1503728
5592,1504568
5608,1505416
5624,1506252
5640,1507088
5656,1507928
5672,1508760
5688,1509604
5704,1510436
5720,1511260
5736,1512092
5752,1512924
5768,1513756
5784,1514580
5800,1515400
5816,1516224
5832,1517048
5848,1517864
5864,1518688
5880,1519504
5896,1520320
5912,1521140
5928,1521960
5944,1522784
5960,1523596
5976,1524412
5992,1525232
6008,1526052
6024,1526884
6040,1527692
6056,1528488
6072,1529300
6088,1530132
6104,1530924
6120,1531724
6136,1532548
6152,1533352
6168,1534160
6184,1534956
6200,1535760
6216,1536560
6232,1537356
6248,1538160
6264,1538952
6280,1539748
6296,1540548
6312,1541348
6328,1542140
6344,1542940
6360,1543740
6376,1544540
6392,1545340
6408,1546132
6428,1547084
6444,1547884
6460,1548680
6476,1549480
6492,1550272
6509,1551072
6528,1552008
6544,1552804
6560,1553604
6580,1554556
6596,1555348
6616,1556296
6632,1557096
6652,1558044
6668,1558844
6684,1559644
6704,1560564
6720,1561360
6740,1562304
6756,1563100
6776,1564044
6792,1564840
6812,1565784
6828,1566576
6848,1567516
6864,1568312
6884,1569240
6900,1570036
6920,1570964
6936,1571756
6956,1572676
6976,1573624
6996,1574576
7016,1575524
7036,1576468
7056,1577412
7072,1578228
7092,1579116
7112,1580060
7132,1580996
7152,1581940
7172,1582884
7192,1583824
7212,1584764
7232,1585704
7252,1586644
7272,1587576
7292,1588516
7312,1589448
7332,1590380
7352,1591312
7372,1592232
7392,1593160
7412,1594084
7432,1595008
7452,1595928
7472,1596852
7492,1597768
7512,1598696
7532,1599612
7552,1600532
7572,1601448
7592,1602368
7612,1603284
7632,1604204
7652,1605124
7672,1606036
7692,1606956
7712,1607864
7732,1608776
7752,1609680
7772,1610584
7792,1611488
7812,1612392
7832,1613296
7852,1614200
7872,1615104
7892,1616008
7912,1616908
7932,1617800
7952,1618700
7972,1619604
7992,1620500
8012,1621396
8032,1622304
8052,1623200
8072,1624092
8092,1624980
8112,1625868
8132,1626760
8152,1627652
8172,1628536
8192,1629428
8212,1630312
8232,1631188
8252,1632072
8272,1632952
8292,1633832
8312,1634712
8332,1635600
8352,1636484
8372,1637360
8392,1638240
8412,1639116
8432,1640000
8452,1640876
8472,1641756
8492,1642632
8512,1643496
8532,1644372
8552,1645240
8572,1646108
8592,1646976
8612,1647852
8632,1648716
8652,1649576
8672,1650440
8692,1651300
8712,1652164
8732,1653032
8752,1653900
8772,1654756
8792,1655616
8812,1656480
8832,1657344
8852,1658204
8872,1659084
8892,1659948
8912,1660820
8932,1661680
8956,1662652
8976,1663528
8996,1664408
9020,1665368
9040,1666264
9060,1667124
9081,1667980
9104,1668928
9124,1669820
9144,1670684
9168,1671640
9188,1672536
9208,1673396
9232,1674352
9252,1675240
9276,1676204
9296,1677096
9320,1678048
9340,1678944
9364,1679912
9384,1680792
9408,1681728
9428,1682624
9452,1683588
9472,1684460
9496,1685408
9516,1686288
9540,1687220
9560,1688116
9584,1689064
9608,1690044
9628,1690936
9652,1691908
9676,1692900
9700,1693892
9724,1694880
9748,1695868
9772,1696852
9796,1697836
9820,1698796
9844,1699776
9868,1700760
9892,1701736
9916,1702720
9940,1703700
9964,1704684
9988,1705664
10012,1706716
10036,1707712
10060,1708676
10084,1709664
10108,1710624
10132,1711612
10156,1712584
10180,1713560
10204,1714532
10228,1715504
10252,1716472
10276,1717444
10300,1718416
10328,1719508
10352,1720480
10376,1721448
10400,1722416
10424,1723380
10448,1724348
10476,1725444
10500,1726408
10524,1727380
10552,1728472
10576,1729440
10604,1730528
10628,1731500
10656,1732588
10680,1733556
10708,1734640
10732,1735612
10760,1736696
10784,1737668
10812,1738760
10836,1739724
10864,1740816
10888,1741776
10916,1742856
10941,1743820
10968,1744888
10996,1745988
11024,1747080
11052,1748172
11080,1749264
11108,1750356
11136,1751444
11164,1752528
11192,1753620
11220,1754712
11248,1755800
11276,1756884
11304,1757968
11332,1759052
11360,1760132
11388,1761212
11416,1762288
11444,1763368
11472,1764444
11500,1765516
11528,1766588
11556,1767660
11584,1768736
11612,1769808
11640,1770884
11668,1771948
11696,1773016
11724,1774084
11752,1775148
11780,1776212
11808,1777272
11836,1778336
11864,1779392
11892,1780452
11920,1781512
11948,1782572
11976,1783632
12004,1784692
12032,1785752
12060,1786808
12088,1787864
12116,1788916
12144,1789976
12172,1791024
12200,1792072
12228,1793120
12256,1794164
12284,1795208
12312,1796256
12340,1797300
12368,1798348
12396,1799388
12424,1800436
12452,1801480
12480,1802520
12508,1803556
12536,1804596
12564,1805652
12592,1806684
12620,1807736
12648,1808772
12676,1809808
12704,1810840
12732,1811876
12762,1812912
12792,1814024
12820,1815056
12848,1816108
12876,1817156
12904,1818192
12936,1819308
12964,1820372
12993,1821408
13024,1822532
13052,1823584
13084,1824716
13112,1825764
13144,1826920
13172,1827952
13204,1829104
13232,1830140
13264,1831284
13292,1832320
13324,1833436
13352,1834488
13384,1835616
13416,1836772
13448,1837904
13476,1838956
13508,1840080
13536,1841128
13568,1842244
13600,1843392
13632,1844544
13664,1845692
13696,1846832
13728,1847976
13760,1849120
13792,1850256
13824,1851404
13856,1852540
13888,1853676
13920,1854812
13952,1855948
13984,1857080
14016,1858216
14048,1859352
14080,1860484
14112,1861616
14144,1862752
14176,1863880
14208,1865000
14240,1866128
14272,1867244
14304,1868364
14336,1869488
14368,1870616
14400,1871740
14432,1872864
14464,1873992
14496,1875116
14528,1876236
14560,1877348
14592,1878464
14624,1879572
14656,1880684
14688,1881796
14720,1882908
14752,1884020
14784,1885136
14816,1886256
14848,1887368
14880,1888476
14912,1889584
14944,1890708
14976,1891792
15008,1892892
15040,1893992
15072,1895096
15104,1896196
15136,1897296
15168,1898400
15200,1899500
15232,1900624
15264,1901724
15296,1902824
15328,1903940
15361,1905040
15396,1906232
15428,1907348
15460,1908444
15496,1909616
15528,1910748
15560,1911856
15596,1913064
15628,1914164
15661,1915264
15696,1916424
15728,1917556
15764,1918756
15800,1919956
15836,1921192
15869,1922292
15904,1923476
15940,1924668
15972,1925784
16008,1926956
16040,1928072
16076,1929272
16108,1930368
16144,1931556
16180,1932764
16216,1933956
16252,1935156
16288,1936344
16324,1937568
16360,1938772
16396,1939968
16432,1941176
16468,1942376
16504,1943580
16540,1944780
16576,1945976
16612,1947160
16648,1948352
16684,1949544
16720,1950740
16756,1951936
16792,1953132
16828,1954316
16864,1955508
16900,1956696
16936,1957884
16972,1959076
17008,1960256
17044,1961440
17080,1962616
17116,1963800
17152,1964980
17188,1966172
17224,1967352
17260,1968532
17296,1969704
17332,1970880
17368,1972056
17404,1973228
17440,1974408
17476,1975580
17512,1976748
17548,1977916
17584,1979084
17620,1980256
17656,1981428
17692,1982604
17728,1983768
17764,1984932
17800,1986096
17836,1987260
17872,1988440
17908,1989620
17948,1990864
17984,1992028
18020,1993192
18056,1994356
18092,1995552
18132,1996780
18168,1997984
18208,1999220
18244,2000416
18284,2001640
18320,2002804
18360,2004076
18396,2005272
18436,2006508
18472,2007704
18512,2008928
18548,2010132
18588,2011356
18628,2012624
18668,2013888
18704,2015084
18744,2016308
18780,2017504
18820,2018724
18860,2019988
18897,2021184
18936,2022396
18976,2023680
19016,2024960
19056,2026180
19096,2027440
19136,2028708
19176,2029972
19216,2031228
19256,2032492
19296,2033788
19336,2035028
19376,2036260
19416,2037528
19456,2038764
19496,2040052
19536,2041304
19576,2042520
19616,2043776
19656,2045068
19696,2046316
19736,2047540
19776,2048784
19816,2050052
19856,2051292
19896,2052536
19932,2053732
19972,2054960
20012,2056176
20052,2057444
20092,2058684
20132,2059916
20172,2061152
20212,2062392
20252,2063628
20292,2064860
20332,2066088
20372,2067320
20412,2068560
20452,2069792
20492,2071024
20532,2072252
20572,2073480
20612,2074712
20652,2075940
20692,2077168
20732,2078396
20772,2079656
20812,2080888
20856,2082172
20896,2083396
20936,2084624
20976,2085884
21020,2087172
21060,2088416
21104,2089716
21144,2090944
21184,2092208
21228,2093488
21268,2094716
21312,2096036
21352,2097300
21396,2098580
21440,2099896
21480,2101156
21524,2102440
21564,2103696
21608,2104964
21648,2106224
21692,2107504
21732,2108764
21776,2110028
21820,2111340
21864,2112664
21905,2113924
21948,2115184
21992,2116496
22032,2117764
22076,2119024
22120,2120336
22164,2121648
22208,2122968
22252,2124280
22296,2125588
22340,2126904
22384,2128220
22428,2129528
22472,2130844
22516,2132164
22560,2133468
22604,2134772
22648,2136080
22692,2137404
22736,2138688
22780,2139996
22824,2141308
22868,2142620
22912,2143924
22956,2145220
23000,2146560
23044,2147844
23088,2149124
23132,2150428
23176,2151728
23220,2153024
23264,2154328
23308,2155664
23352,2156940
23396,2158216
23440,2159524
23484,2160840
23528,2162132
23572,2163392
23616,2164684
23660,2166016
23704,2167312
23748,2168604
23792,2169936
23836,2171228
23884,2172568
23928,2173860
23972,2175160
24016,2176484
24060,2177776
24108,2179124
24152,2180432
24200,2181796
24244,2183088
24292,2184472
24336,2185780
24384,2187112
24428,2188440
24472,2189768
24520,2191100
24564,2192432
24612,2193768
24656,2195092
24704,2196424
24748,2197756
24796,2199092
24840,2200416
24888,2201756
24932,2203080
24980,2204404
25025,2205736
25072,2207060
25120,2208436
25164,2209760
25212,2211092
25260,2212472
25308,2213856
25356,2215236
25404,2216604
25452,2217980
25500,2219364
25548,2220732
25596,2222116
25644,2223488
25692,2224860
25740,2226252
25788,2227624
25836,2228968
25884,2230344
25932,2231712
25980,2233072
26028,2234448
26076,2235820
26124,2237180
26172,2238564
26220,2239944
26268,2241268
26316,2242652
26364,2243992
26412,2245352
26460,2246720
26508,2248116
26556,2249472
26604,2250836
26652,2252192
26700,2253548
26748,2254912
26796,2256268
26844,2257624
26896,2259072
26944,2260428
26992,2261784
27040,2263180
27092,2264584
27140,2265940
27188,2267304
27236,2268692
27288,2270072
27336,2271452
27386,2272840
27436,2274232
27484,2275596
27536,2277032
27584,2278388
27632,2279788
27684,2281180
27732,2282544
27784,2283976
27836,2285420
27884,2286816
27936,2288212
27984,2289572
28036,2291004
28084,2292392
28136,2293792
28184,2295180
28236,2296568
28288,2298016
28336,2299404
28388,2300792
28436,2302188
28488,2303580
28540,2305016
28592,2306464
28644,2307896
28696,2309348
28748,2310780
28796,2312136
28848,2313564
28900,2315000
28952,2316444
29004,2317888
29056,2319316
29108,2320764
29160,2322196
29208,2323588
29260,2324980
29312,2326412
29364,2327852
29416,2329280
29468,2330724
29520,2332164
29572,2333592
29620,2334988
29672,2336376
29724,2337808
29776,2339240
29828,2340668
29880,2342112
29932,2343540
29984,2344980
30034,2346372
30084,2347792
30136,2349188
30188,2350616
30240,2352040
30292,2353480
30344,2354908
30396,2356352
30448,2357788
30496,2359192
30548,2360640
30600,2362032
30652,2363468
30704,2364912
30756,2366324
30808,2367800
30860,2369196
30912,2370652
30964,2372084
31016,2373508
31068,2374924
31120,2376352
31172,2377792
31224,2379228
31276,2380652
31328,2382124
31380,2383516
31432,2384980
31484,2386376
31536,2387800
31588,2389260
31640,2390668
31692,2392104
31744,2393572
31796,2394980
31848,2396392
31900,2397816
31952,2399284
32004,2400700
32056,2402108
32108,2403560
32160,2404968
32212,2406396
32264,2407844
32316,2409248
32368,2410704
32420,2412160
32472,2413600
32524,2415028
32576,2416452
32628,2417880
32680,2419300
32732,2420732
32784,2422168
32836,2423592
32888,2425028
32940,2426452
32992,2427876
33044,2429308
33096,2430732
33148,2432164
33200,2433592
33252,2435016
33304,2436456
33356,2437876
33408,2439304
33460,2440732
33512,2442152
33564,2443584
33616,2445008
33668,2446444
33720,2447876
33772,2449296
33824,2450724
33876,2452144
33928,2453576
33980,2455004
34032,2456428
34084,2457864
34136,2459284
34188,2460716
34240,2462140
34292,2463560
34344,2464992
34396,2466416
34448,2467848
34500,2469280
34552,2470700
34604,2472128
34656,2473552
34708,2474972
34760,2476404
34812,2477828
34864,2479264
34916,2480760
34968,2482168
35020,2483632
35072,2485020
35124,2486480
35176,2487908
35228,2489300
35280,2490732
35332,2492168
35384,2493612
35436,2495040
35488,2496444
35540,2497888
35592,2499276
35644,2500744
35696,2502156
35748,2503592
35800,2505024
35852,2506444
35904,2507872
35956,2509292
36008,2510684
36060,2512116
36112,2513540
36164,2515000
36216,2516424
36268,2517828
36320,2519272
36372,2520664
36424,2522088
36476,2523552
36528,2524976
36580,2526404
36632,2527824
36684,2529248
36736,2530676
36788,2532100
36840,2533512
36892,2534936
36944,2536360
36996,2537804
37048,2539224
37100,2540652
37152,2542076
37204,2543500
37256,2544928
37308,2546332
37360,2547776
37412,2549200
37464,2550624
37516,2552052
37568,2553476
37620,2554904
37672,2556328
37724,2557748
37776,2559180
37828,2560604
37880,2562028
37932,2563460
37984,2564880
38036,2566312
38088,2567740
38140,2569160
38192,2570588
38244,2572008
38296,2573468
38348,2574856
38400,2576276
38452,2577708
38504,2579128
38556,2580556
38608,2581976
38660,2583396
38712,2584824
38764,2586244
38816,2587672
38868,2589100
38920,2590580
38972,2592040
39024,2593460
39076,2594888
39128,2596308
39180,2597696
39232,2599160
39284,2600552
39336,2601972
39388,2603432
39440,2604856
39492,2606280
39544,2607704
39596,2609108
39648,2610556
39700,2611980
39752,2613408
39804,2614828
39856,2616252
39908,2617680
39960,2619100
40012,2620528
40064,2621948
40116,2623368
40168,2624796
40220,2626216
40272,2627644
40324,2629064
40376,2630468
40428,2631916
40480,2633304
40532,2634724
40584,2636184
40636,2637604
40688,2639032
40740,2640452
40792,2641840
40844,2643304
40896,2644692
40948,2646152
41000,2647572
41052,2648992
41104,2650420
41156,2651852
41208,2653284
41260,2654712
41312,2656132
41364,2657560
41416,2658980
41468,2660440
41520,2661828
41572,2663248
41624,2664676
41676,2666096
41728,2667516
41780,2668944
41832,2670364
41884,2671792
41936,2673212
41988,2674632
42040,2676064
42092,2677484
42144,2678912
42196,2680336
42248,2681756
42300,2683180
42352,2684604
42404,2686028
42456,2687456
42508,2688876
42560,2690300
42612,2691776
42664,2693216
42716,2694660
42768,2696048
42820,2697512
42872,2698916
42924,2700360
42976,2701780
43028,2703204
43080,2704632
43132,2706052
43184,2707480
43236,2708900
43288,2710304
43340,2711748
43392,2713168
43444,2714592
43496,2716020
43548,2717440
43600,2718864
43652,2720288
43704,2721692
43756,2723132
43808,2724556
43860,2725980
43912,2727416
43964,2728836
44016,2730264
44068,2731688
44120,2733112
44172,2734536
44224,2735956
44276,2737416
44328,2738804
44380,2740232
44432,2741656
44484,2743076
44536,2744504
44588,2745924
44640,2747344
44692,2748772
44744,2750196
44796,2751624
44848,2753044
44900,2754464
44952,2755924
45004,2757312
45056,2758772
45108,2760196
45160,2761584
45212,2763044
45264,2764432
45316,2765892
45368,2767316
45420,2768736
45472,2770164
45524,2771584
45576,2773012
45628,2774432
45680,2775856
45732,2777284
45784,2778704
45836,2780128
45889,2781572
45944,2783024
45996,2784460
46048,2785880
46100,2787304
46152,2788732
46204,2790152
46256,2791612
46308,2793032
46360,2794424
46412,2795848
46464,2797272
46516,2798696
46568,2800120
46620,2801556
46672,2803000
46724,2804420
46776,2805848
46828,2807236
46880,2808656
46932,2810116
46984,2811540
47036,2812968
47088,2814388
47140,2815812
47192,2817244
47244,2818664
47296,2820084
47348,2821512
47401,2822948
47456,2824412
47508,2825832
47560,2827256
47612,2828684
47664,2830104
47716,2831624
47768,2833048
47820,2834476
47872,2835896
47926,2837320
47976,2838748
48028,2840168
48080,2841588
48132,2843016
48188,2844500
48240,2845960
48292,2847380
48344,2848808
48396,2850228
48448,2851620
48500,2853080
48552,2854500
48604,2855924
48656,2857352
48712,2858836
48760,2860280
48812,2861684
48864,2863132
48916,2864572
48968,2865996
49020,2867424
49073,2868844
49124,2870264
49176,2871692
49228,2873112
49280,2874540
49332,2875960
49388,2877484
49440,2878904
49492,2880324
49544,2881752
49596,2883176
49648,2884564
49700,2886024
49752,2887448
49804,2888872
49856,2890296
49908,2891716
49960,2893144
50012,2894564
50064,2895992
50116,2897412
50169,2898836
50224,2900356
50276,2901776
50328,2903204
50380,2904628
50432,2906048
50484,2907476
50537,2908900
50589,2910328
50640,2911748
50696,2913228
50748,2914692
50800,2916080
50852,2917544
50904,2918964
50956,2920396
51008,2921824
51060,2923248
51112,2924708
51164,2926132
51216,2927520
51268,2928980
51320,2930400
51372,2931824
51424,2933248
51476,2934668
51528,2936096
51580,2937516
51632,2938944
51684,2940364
51736,2941788
51788,2943248
51844,2944680
51896,2946112
51948,2947532
52000,2948952
52052,2950384
52104,2951804
52156,2953232
52208,2954684
52260,2956104
52312,2957532
52364,2958920
52416,2960432
52468,2961836
52520,2963272
52572,2964712
52624,2966132
52676,2967592
52728,2968984
52780,2970404
52832,2971832
52884,2973252
52936,2974672
52988,2976132
53040,2977552
53092,2978980
53144,2980400
53196,2981824
53248,2983252
53300,2984672
53352,2986100
53404,2987552
53460,2988992
53512,2990420
53564,2991840
53616,2993268
53668,2994692
53720,2996116
53772,2997576
53824,2998996
53876,3000424
53928,3001848
53980,3003268
54032,3004696
54084,3006116
54136,3007548
54189,3009000
54244,3010436
54296,3011864
54348,3013288
54400,3014716
54452,3016140
54504,3017560
54556,3019020
54608,3020444
54660,3021872
54712,3023296
54764,3024720
54816,3026188
54868,3027612
54920,3029040
54972,3030460
55028,3031944
55080,3033408
55132,3034828
55184,3036260
55236,3037680
55288,3039104
55340,3040532
55396,3042016
55448,3043476
55500,3044896
55552,3046320
55604,3047748
55656,3049172
55708,3050600
55760,3052024
55813,3053444
55864,3054876
55916,3056300
55968,3057728
56020,3059152
56072,3060576
56124,3062036
56176,3063456
56228,3064888
56280,3066308
56334,3067732
56384,3069160
56438,3070584
56488,3072048
56540,3073468
56592,3074888
56644,3076316
56696,3077736
56748,3079156
56800,3080584
56852,3081992
56904,3083436
56956,3084856
57008,3086276
57060,3087704
57116,3089184
57168,3090652
57220,3092076
57272,3093520
57324,3094940
57376,3096396
57428,3097824
57480,3099248
57532,3100668
57584,3102096
57636,3103520
57688,3104948
57740,3106368
57796,3107848
57848,3109268
57900,3110692
57952,3112120
58004,3113544
58056,3114964
58108,3116392
58160,3117848
58212,3119276
58264,3120700
58316,3122120
58368,3123548
58420,3124972
58472,3126396
58524,3127820
58576,3129244
58628,3130704
58680,3132128
58732,3133556
58784,3134976
58836,3136400
58888,3137828
58944,3139312
58996,3140772
59048,3142192
59100,3143616
59152,3145048
59204,3146468
59256,3147896
59308,3149320
59364,3150796
59416,3152260
59468,3153680
59520,3155120
59572,3156544
59624,3157964
59676,3159396
59728,3160852
59780,3162280
59832,3163704
59886,3165124
59936,3166572
59990,3167980
60044,3169456
60096,3170880
60148,3172304
60200,3173764
60252,3175188
60304,3176616
60356,3178040
60408,3179460
60460,3180908
60516,3182360
60568,3183788
60620,3185244
60672,3186668
60724,3188096
60776,3189520
60828,3190952
60880,3192372
60936,3193844
60988,3195276
61040,3196728
61092,3198160
61144,3199584
61196,3201008
61248,3202436
61300,3203856
61352,3205316
61405,3206736
61460,3208172
61512,3209600
61564,3211020
61616,3212448
61668,3213876
61720,3215296
61772,3216756
61824,3218176
61876,3219604
61928,3221028
61980,3222448
62032,3223876
62084,3225296
62136,3226740
62192,3228200
62244,3229620
62296,3231048
62348,3232516
62400,3233980
62452,3235388
62504,3236824
62556,3238252
62612,3239736
62664,3241196
62716,3242620
62768,3244048
62820,3245468
62872,3246904
62924,3248348
62976,3249756
63028,3251216
63080,3252636
63132,3254060
63184,3255488
63236,3256912
63288,3258336
63344,3259812
63396,3261252
63448,3262700
63500,3264124
63552,3265552
63604,3266972
63656,3268396
63708,3269856
63764,3271292
63816,3272752
63868,3274176
63920,3275600
63972,3277032
64024,3278448
64076,3279836
64128,3281292
64180,3282712
64232,3284136
64284,3285556
64336,3286976
64388,3288404
64440,3289788
64492,3291248
64544,3292664
64596,3294084
64648,3295512
64700,3296932
64752,3298360
64804,3299780
64856,3301168
64908,3302624
64960,3304044
65012,3305464
65064,3306888
65116,3308312
65168,3309736
65220,3311160
65272,3312580
65324,3314008
65380,3315476
65432,3316904
65484,3318324
65536,3319748
65588,3321176
65640,3322596
65692,3324024
65744,3325444
65796,3326896
65848,3328324
65900,3329744
65952,3331168
66004,3332588
66056,3333976
66108,3335436
66160,3336856
66212,3338284
66264,3339704
66316,3341128
66368,3342552
66420,3343972
66472,3345396
66524,3346856
66580,3348288
66632,3349712
66684,3351136
66736,3352556
66788,3353984
66840,3355404
66892,3356832
66944,3358252
66996,3359708
67048,3361136
67100,3362556
67152,3363984
67204,3365404
67256,3366824
67308,3368248
67360,3369668
67412,3371096
67464,3372516
67518,3373940
67568,3375380
67622,3376788
67672,3378248
67728,3379688
67780,3381108
67832,3382568
67884,3384000
67936,3385460
67988,3386888
68040,3388292
68092,3389736
68144,3391156
68197,3392584
68248,3394004
68300,3395428
68352,3396856
68404,3398276
68456,3399704
68508,3401124
68560,3402548
68612,3404004
68664,3405428
68716,3406856
68768,3408276
68820,3409708
68872,3411172
68924,3412592
68976,3414016
69028,3415444
69084,3416920
69136,3418384
69188,3419804
69240,3421232
69292,3422656
69344,3424076
69396,3425504
69452,3426980
69504,3428444
69556,3429868
69608,3431272
69660,3432716
69712,3434140
69768,3435664
69820,3437084
69872,3438508
69924,3439936
69977,3441360
70028,3442788
70080,3444208
70136,3445704
70188,3447148
70240,3448572
70292,3450000
70344,3451424
70396,3452844
70448,3454272
70504,3455784
70556,3457216
70608,3458636
70660,3460056
70712,3461484
70768,3462968
70820,3464432
70872,3465852
70924,3467280
70976,3468704
71028,3470124
71080,3471552
71132,3472976
71184,3474400
71236,3475828
71288,3477248
71340,3478712
71392,3480136
71448,3481616
71500,3483036
71552,3484460
71604,3485888
71656,3487308
71708,3488732
71760,3490192
71812,3491612
71864,3493040
71916,3494464
71968,3495884
72020,3497312
72072,3498732
72128,3500212
72180,3501632
72232,3503088
72284,3504516
72336,3505936
72388,3507364
72440,3508788
72492,3510208
72544,3511652
72600,3513108
72652,3514536
72704,3515960
72756,3517384
72808,3518844
72860,3520268
72912,3521692
72964,3523132
73020,3524588
73072,3526016
73124,3527440
73176,3528868
73228,3530288
73280,3531708
73332,3533172
73384,3534592
73436,3536020
73488,3537440
73540,3538864
73592,3540292
73648,3541764
73700,3543192
73752,3544648
73804,3546068
73856,3547496
73908,3548920
73960,3550348
74012,3551772
74064,3553196
74120,3554672
74172,3556096
74224,3557556
74276,3558980
74328,3560404
74380,3561832
74432,3563256
74484,3564716
74536,3566140
74588,3567564
74640,3568992
74696,3570468
74748,3571932
74800,3573356
74852,3574800
74904,3576236
74956,3577676
75008,3579104
75064,3580580
75116,3582012
75168,3583436
75220,3584860
75272,3586320
75324,3587740
75376,3589168
75428,3590592
75484,3592060
75536,3593492
75588,3594916
75640,3596344
75692,3597800
75744,3599220
75796,3600652
75852,3602124
75904,3603552
75956,3604976
76008,3606396
76060,3607824
76112,3609280
76164,3610708
76216,3612128
76268,3613552
76320,3614980
76372,3616400
76424,3617828
76476,3619284
76532,3620720
76584,3622180
76636,3623604
76688,3625032
76740,3626452
76792,3627876
76844,3629304
76896,3630724
76952,3632204
77004,3633624
77056,3635048
77108,3636508
77160,3637896
77212,3639356
77264,3640780
77316,3642200
77368,3643644
77424,3645100
77476,3646528
77528,3647948
77580,3649372
77632,3650800
77684,3652220
77736,3653680
77788,3655104
77840,3656524
77892,3657952
77948,3659424
78000,3660856
78052,3662280
78104,3663720
78156,3665164
78208,3666588
78264,3668068
78316,3669492
78368,3670916
78420,3672376
78472,3673800
78524,3675228
78576,3676652
78632,3678124
78684,3679552
78736,3680976
78788,3682436
78840,3683860
78892,3685280
78944,3686712
79000,3688180
79052,3689612
79104,3691032
79156,3692456
79208,3693884
79260,3695308
79312,3696768
79364,3698192
79420,3699664
79472,3701092
79524,3702516
79576,3703944
79628,3705384
79680,3706824
79732,3708252
79784,3709676
79840,3711156
79892,3712580
79944,3714000
79996,3715464
80048,3716852
80100,3718312
80152,3719732
80208,3721204
80260,3722720
80312,3724144
80364,3725572
80416,3726996
80468,3728424
80520,3729844
80576,3731324
80628,3732784
80680,3734208
80732,3735636
80784,3737060
80836,3738480
80888,3739908
80944,3741404
80996,3742848
81048,3744268
81100,3745692
81152,3747120
81204,3748544
81256,3749972
81312,3751484
81364,3752908
81416,3754336
81472,3755832
81524,3757280
81576,3758704
81628,3760132
81680,3761556
81736,3763052
81788,3764500
81840,3765920
81893,3767348
81945,3768772
82000,3770252
82052,3771732
82104,3773156
82156,3774616
82208,3776036
82260,3777456
82312,3778884
82364,3780304
82416,3781732
82468,3783172
82524,3784624
82576,3786052
82628,3787508
82680,3788936
82732,3790356
82784,3791776
82836,3793208
82888,3794628
82942,3796088
82996,3797524
83048,3798948
83100,3800408
83152,3801796
83204,3803256
83256,3804680
83308,3806100
83360,3807528
83416,3809000
83468,3810428
83520,3811848
83572,3813268
83624,3814696
83676,3816120
83728,3817580
83780,3819004
83836,3820476
83888,3821908
83940,3823328
83992,3824792
84044,3826212
84096,3827636
84148,3829080
84204,3830532
84256,3831964
84308,3833384
84360,3834808
84412,3836272
84464,3837692
84516,3839140
84572,3840596
84624,3842016
84676,3843444
84728,3844864
84780,3846292
84832,3847712
84884,3849132
84936,3850592
84988,3852012
85042,3853456
85092,3854860
85144,3856284
85196,3857744
85248,3859168
85300,3860596
85352,3862016
85408,3863492
85460,3864956
85512,3866376
85564,3867804
85616,3869228
85668,3870648
85721,3872080
85776,3873552
85828,3875012
85880,3876436
85932,3877856
85984,3879284
86036,3880708
86092,3882228
86144,3883652
86197,3885080
86252,3886592
86304,3888016
86356,3889444
86408,3890868
86460,3892296
86512,3893716
86564,3895140
86616,3896600
86668,3898020
86720,3899448
86772,3900872
86824,3902292
86876,3903740
86932,3905192
86984,3906652
87036,3908072
87088,3909496
87140,3910924
87192,3912348
87244,3913776
87296,3915236
87348,3916656
87404,3918176
87456,3919600
87508,3921028
87560,3922452
87612,3923872
87668,3925396
87720,3926820
87776,3928344
87828,3929764
87880,3931200
87932,3932624
87984,3934044
88036,3935472
88088,3936928
88140,3938356
88192,3939776
88248,3941244
88300,3942672
88352,3944152
88404,3945608
88456,3947032
88508,3948452
88564,3949972
88616,3951396
88668,3952824
88720,3954244
88772,3955668
88824,3957096
88876,3958516
88928,3959980
88980,3961400
89036,3962876
89088,3964308
89140,3965728
89192,3967240
89244,3968664
89296,3970092
89352,3971608
89404,3973028
89456,3974460
89512,3975956
89564,3977400
89616,3978824
89668,3980252
89720,3981680
89772,3983144
89824,3984608
89876,3986028
89928,3987448
89980,3988876
90032,3990300
90088,3991820
90140,3993244
90196,3994764
90248,3996184
90300,3997608
90352,3999036
90404,4000460
90460,4001980
90512,4003404
90564,4004824
90616,4006252
90668,4007672
90720,4009100
90772,4010524
90824,4011944
90876,4013404
90932,4014880
90984,4016324
91036,4017760
91088,4019148
91140,4020612
91192,4022032
91244,4023460
91296,4024916
91352,4026348
91404,4027808
91456,4029232
91508,4030660
91560,4032084
91612,4033504
91664,4034948
91720,4036400
91772,4037860
91824,4039284
91876,4040712
91928,4042132
91980,4043556
92036,4045040
92088,4046492
92140,4047920
92192,4049344
92248,4050812
92300,4052240
92352,4053664
92404,4055124
92456,4056544
92508,4057968
92560,4059428
92616,4060860
92668,4062288
92720,4063712
92772,4065136
92824,4066596
92876,4068016
92932,4069496
92984,4070948
93036,4072372
93088,4073800
93140,4075224
93192,4076652
93244,4078108
93296,4079532
93352,4081048
93404,4082472
93456,4083900
93509,4085324
93564,4086840
93616,4088264
93668,4089688
93724,4091204
93776,4092628
93829,4094060
93884,4095572
93936,4096996
93988,4098420
94040,4099844
94096,4101364
94148,4102784
94200,4104212
94253,4105632
94308,4107124
94360,4108568
94412,4109988
94464,4111416
94517,4112840
94572,4114312
94624,4115772
94676,4117192
94728,4118620
94780,4120052
94832,4121472
94884,4122932
94936,4124352
94992,4125828
95044,4127252
95096,4128672
95148,4130132
95200,4131552
95252,4133000
95305,4134436
95360,4135868
95412,4137328
95464,4138748
95516,4140180
95568,4141600
95620,4143020
95676,4144500
95728,4145956
95780,4147384
95832,4148820
95888,4150280
95940,4151704
95992,4153160
96044,4154588
96096,4156008
96152,4157484
96204,4158936
96256,4160360
96308,4161784
96360,4163204
96412,4164632
96464,4166052
96520,4167520
96572,4168980
96624,4170400
96676,4171828
96728,4173252
96780,4174672
96834,4176132
96888,4177560
96940,4179024
96992,4180444
97044,4181864
97096,4183292
97150,4184716
97204,4186192
97256,4187612
97308,4189068
97360,4190508
97416,4191960
97468,4193392
97520,4194812
97572,4196264
97624,4197692
97676,4199116
97732,4200592
97784,4202044
97836,4203464
97888,4204892
97940,4206312
97992,4207740
98046,4209196
98100,4210624
98152,4212084
98204,4213508
98256,4214936
98308,4216388
98364,4217828
98416,4219256
98468,4220708
98520,4222156
98576,4223608
98628,4225068
98680,4226488
98732,4227912
98784,4229384
98836,4230804
98888,4232232
98944,4233744
98996,4235164
99049,4236592
99104,4238088
99156,4239532
99208,4240952
99260,4242376
99312,4243840
99364,4245260
99416,4246704
99468,4248144
99520,4249568
99572,4250996
99628,4252508
99680,4253936
99736,4255452
99788,4256880
99840,4258300
99896,4259780
99948,4261244
100000,4262772
100056,4264304
100116,4265908
100172,4267460
100228,4268988
100284,4270524
100344,4272112
100400,4273680
100456,4275216
100512,4276744
100572,4278364
100628,4279896
100684,4281432
100740,4282960
100796,4284496
100856,4286116
100912,4287652
100972,4289236
101028,4290804
101084,4292336
101140,4293868
101196,4295400
101256,4297028
101312,4298556
101372,4300184
101428,4301716
101484,4303252
101544,4304844
101600,4306408
101656,4307936
101713,4309476
101772,4311092
101828,4312624
101884,4314160
101940,4315688
101998,4317228
102056,4318844
102113,4320384
102172,4322000
102228,4323536
102288,4325128
102344,4326700
102400,4328224
102456,4329760
102516,4331344
102572,4332912
102628,4334440
102684,4335976
102744,4337568
102800,4339136
102856,4340664
102916,4342292
102972,4343828
103028,4345356
103088,4346980
103144,4348512
103200,4350048
103256,4351576
103316,4353200
103372,4354728
103428,4356268
103484,4357796
103540,4359332
103596,4360860
103652,4362428
103708,4363956
103768,4365540
103824,4367068
103880,4368636
103936,4370164
103992,4371700
104048,4373228
104108,4374812
104164,4376372
104220,4377908
104276,4379436
104332,4380972
104392,4382552
104448,4384088
104504,4385648
104560,4387184
104620,4388764
104676,4390300
104732,4391828
104788,4393396
104844,4394928
104901,4396492
104960,4398032
105016,4399568
105072,4401132
105128,4402668
105184,4404196
105240,4405748
105296,4407292
105352,4408828
105412,4410448
105468,4411976
105524,4413512
105580,4415044
105640,4416672
105696,4418200
105756,4419828
105812,4421356
105868,4422892
105928,4424480
105984,4426064
106040,4427596
106096,4429160
106153,4430692
106212,4432276
106268,4433804
106324,4435340
106380,4436900
106436,4438436
106496,4440012
106552,4441580
106608,4443108
106664,4444644
106720,4446176
106778,4447744
106836,4449288
106892,4450848
106948,4452384
107006,4453932
107064,4455496
107120,4457024
107176,4458592
107232,4460124
107288,4461692
107348,4463236
107404,4464808
107460,4466336
107516,4467904
107572,4469400
107632,4470980
107688,4472540
107744,4474080
107804,4475656
107860,4477192
107916,4478724
107972,4480292
108028,4481820
108088,4483404
108144,4484964
108200,4486500
108256,4488028
108312,4489596
108372,4491140
108428,4492676
108484,4494236
108540,4495804
108600,4497344
108656,4498880
108712,4500412
108768,4501980
108824,4503512
108880,4505080
108940,4506708
108996,4508236
109052,4509768
109108,4511300
109168,4512924
109224,4514452
109281,4515988
109340,4517604
109396,4519136
109456,4520724
109512,4522296
109568,4523824
109624,4525360
109684,4526960
109740,4528508
109800,4530096
109856,4531664
109912,4533192
109968,4534728
110028,4536356
110084,4537884
110144,4539508
110200,4541040
110260,4542668
110316,4544200
110372,4545736
110432,4547352
110488,4548888
110548,4550476
110604,4552040
110662,4553572
110720,4555200
110776,4556732
110836,4558364
110893,4559900
110952,4561516
111008,4563052
111068,4564676
111124,4566212
111180,4567744
111240,4569368
111300,4570976
111356,4572528
111416,4574112
111472,4575684
111528,4577212
111584,4578752
111644,4580372
111700,4581900
111760,4583524
111816,4585056
111876,4586684
111932,4588216
111988,4589752
112048,4591348
112104,4592900
112164,4594484
112220,4596052
112276,4597584
112336,4599216
112392,4600744
112452,4602376
112512,4604004
112568,4605532
112628,4607160
112684,4608692
112740,4610224
112796,4611752
112856,4613376
112913,4614904
112972,4616524
113028,4618052
113084,4619588
113144,4621176
113200,4622744
113257,4624272
113316,4625896
113372,4627424
113432,4629052
113488,4630588
113544,4632116
113604,4633740
113660,4635268
113720,4636896
113776,4638424
113836,4640052
113892,4641580
113948,4643116
114008,4644700
114064,4646268
114124,4647872
114180,4649424
114236,4650956
114292,4652492
114348,4654052
114404,4655588
114464,4657172
114520,4658736
114577,4660288
114636,4661852
114692,4663420
114748,4664952
114804,4666520
114864,4668064
114920,4669632
114976,4671160
115036,4672740
115092,4674272
115148,4675840
115204,4677372
115260,4678940
115320,4680544
115376,4682096
115436,4683684
115492,4685252
115548,4686780
115604,4688316
115664,4689912
115720,4691464
115780,4693088
115836,4694616
115892,4696152
115950,4697684
116008,4699300
116064,4700828
116124,4702452
116180,4703984
116240,4705612
116296,4707140
116352,4708676
116412,4710276
116468,4711828
116528,4713444
116584,4714980
116644,4716608
116700,4718136
116756,4719676
116816,4721296
116872,4722832
116932,4724448
116988,4725984
117048,4727568
117104,4729136
117160,4730672
117216,4732240
117272,4733772
117332,4735356
117388,4736920
117444,4738456
117504,4740036
117560,4741572
117616,4743132
117672,4744704
117732,4746248
117788,4747808
117844,4749344
117900,4750908
117960,4752456
118016,4753984
118072,4755556
118132,4757136
118188,4758704
118244,4760236
118304,4761820
118360,4763348
118416,4764916
118476,4766496
118532,4768064
118588,4769592
118648,4771180
118704,4772760
118760,4774332
118820,4775960
118876,4777492
118932,4779060
118988,4780592
119048,4782180
119104,4783708
119160,4785280
119216,4786808
119276,4788392
119332,4789956
119392,4791544
119448,4793108
119504,4794648
119564,4796224
119620,4797796
119676,4799328
119736,4800912
119792,4802472
119848,4804008
119906,4805540
119964,4807120
120020,4808684
120076,4810236
120136,4811800
120192,4813360
120248,4814896
120304,4816428
120364,4818012
120420,4819540
120476,4821108
120532,4822668
120592,4824212
120648,4825776
120704,4827356
120760,4828884
120817,4830420
120876,4832016
120932,4833568
120992,4835168
121048,4836720
121104,4838252
121164,4839884
121220,4841420
121276,4842988
121334,4844520
121392,4846100
121448,4847668
121504,4849200
121561,4850772
121620,4852312
121676,4853880
121732,4855444
121792,4856992
121848,4858520
121904,4860088
121960,4861620
122020,4863204
122076,4864768
122132,4866336
122192,4867876
122248,4869412
122304,4870972
122360,4872508
122420,4874088
122476,4875656
122532,4877184
122592,4878772
122648,4880348
122704,4881916
122760,4883448
122820,4885076
122880,4886704
122936,4888232
122996,4889856
123052,4891384
123108,4892920
123168,4894508
123224,4896076
123284,4897660
123340,4899228
123400,4900816
123456,4902384
123513,4903916
123570,4905452
123628,4907068
123684,4908600
123744,4910224
123800,4911756
123860,4913380
123916,4914912
123972,4916448
124032,4918044
124088,4919596
124148,4921180
124204,4922748
124262,4924276
124320,4925908
124376,4927436
124436,4929064
124493,4930600
124552,4932216
124608,4933752
124665,4935280
124724,4936904
124780,4938432
124840,4940060
124900,4941668
124956,4943220
125016,4944808
125072,4946376
125128,4947912
125184,4949448
125240,4951008
125300,4952596
125356,4954168
125412,4955712
125472,4957276
125528,4958804
125584,4960424
125640,4961952
125700,4963576
125756,4965104
125816,4966728
125872,4968256
125928,4969792
125988,4971396
126044,4972948
126104,4974552
126160,4976104
126220,4977728
126276,4979256
126332,4980792
126388,4982324
126448,4983940
126504,4985468
126564,4987092
126620,4988620
126678,4990160
126736,4991740
126792,4993308
126852,4994912
126908,4996464
126968,4998048
127024,4999616
127081,5001148
127140,5002776
127196,5004316
127256,5005932
127316,5007564
127372,5009092
127432,5010720
127488,5012252
127545,5013788
127604,5015400
127660,5016940
127716,5018504
127772,5020040
127832,5021616
127888,5023156
127944,5024732
128000,5026296
128060,5027920
128116,5029448
128176,5031072
128232,5032600
128288,5034136
128344,5035664
128404,5037284
128460,5038816
128520,5040436
128576,5041964
128636,5043592
128692,5045120
128748,5046656
128808,5048240
128864,5049808
128924,5051432
128980,5052960
129040,5054588
129096,5056120
129152,5057660
129208,5059220
129264,5060772
129324,5062332
129380,5063904
129436,5065432
129496,5067016
129552,5068548
129608,5070116
129668,5071692
129724,5073260
129782,5074792
129840,5076376
129896,5077904
129952,5079476
130008,5081020
130068,5082584
130124,5084148
130180,5085716
130236,5087252
130293,5088784
130352,5090404
130408,5091936
130468,5093560
130524,5095088
130584,5096712
130640,5098240
130696,5099776
130756,5101360
130812,5102932
130872,5104532
130928,5106084
130988,5107668
131044,5109236
131104,5110872
131160,5112404
131220,5114024
131276,5115556
131336,5117176
131393,5118708
131452,5120336
131508,5121864
131564,5123396
131624,5125012
131680,5126548
131740,5128132
131796,5129696
131852,5131224
131912,5132856
131968,5134388
132028,5136012
132085,5137544
132144,5139160
132200,5140696
132260,5142284
132316,5143852
132372,5145380
132432,5147004
132492,5148612
132548,5150164
132608,5151788
132664,5153316
132720,5154852
132776,5156384
132836,5158000
132892,5159528
132952,5161152
133008,5162680
133068,5164308
133124,5165836
133180,5167372
133240,5168972
133296,5170520
133356,5172104
133412,5173672
133468,5175200
133524,5176736
133584,5178332
133640,5179884
133700,5181508
133756,5183036
133816,5184660
133872,5186188
133928,5187724
133984,5189256
134040,5190824
134096,5192352
134156,5193932
134212,5195496
134268,5197032
134328,5198612
134384,5200180
134440,5201708
134500,5203292
134556,5204852
134612,5206388
134668,5207916
134724,5209484
134780,5211016
134840,5212640
134900,5214268
134956,5215800
135016,5217424
135072,5218956
135128,5220492
135188,5222112
135244,5223648
135300,5225212
135356,5226748
135416,5228320
135472,5229856
135528,5231420
135584,5232956
135644,5234528
135700,5236096
135756,5237628
135816,5239212
135872,5240744
135928,5242312
135984,5243840
136044,5245420
136100,5246988
136156,5248516
136216,5250100
136272,5251628
136328,5253192
136384,5254720
136440,5256288
136500,5257828
136556,5259396
136612,5260924
136668,5262492
136728,5264040
136784,5265604
136840,5267132
136900,5268716
136956,5270276
137012,5271812
137072,5273392
137128,5274928
137184,5276488
137240,5278040
137300,5279596
137356,5281164
137412,5282696
137468,5284248
137528,5285808
137584,5287376
137640,5288904
137697,5290468
137756,5292008
137812,5293576
137868,5295112
137924,5296640
137984,5298228
138040,5299788
138096,5301356
138156,5302936
138212,5304472
138268,5306040
138324,5307576
138380,5309108
138440,5310724
138497,5312256
138556,5313876
138612,5315408
138668,5316948
138724,5318476
138780,5320044
138840,5321624
138896,5323192
138952,5324724
139012,5326308
139068,5327836
139124,5329404
139180,5330936
139240,5332516
139296,5334084
139352,5335612
139412,5337196
139468,5338724
139524,5340292
139580,5341824
139640,5343408
139696,5344968
139752,5346504
139808,5348064
139864,5349600
139921,5351132
139980,5352756
140036,5354284
140096,5355908
140152,5357440
140212,5359064
140268,5360600
140324,5362136
140380,5363700
140436,5365252
140496,5366816
140552,5368376
140608,5369912
140664,5371460
140724,5373028
140780,5374588
140836,5376140
140896,5377704
140952,5379268
141008,5380796
141064,5382364
141124,5383908
141180,5385444
141236,5387004
141294,5388572
141352,5390112
141408,5391732
141464,5393260
141520,5394796
141580,5396416
141636,5397952
141696,5399532
141752,5401100
141812,5402724
141868,5404256
141924,5405792
141984,5407416
142041,5408952
142100,5410564
142156,5412100
142216,5413688
142272,5415256
142328,5416784
142388,5418412
142444,5419940
142504,5421564
142560,5423092
142620,5424724
142676,5426260
142732,5427788
142792,5429408
142848,5430940
142908,5432560
142964,5434088
143024,5435720
143080,5437252
143136,5438788
143196,5440400
143252,5441936
143312,5443520
143368,5445084
143428,5446716
143484,5448244
143540,5449788
143596,5451348
143652,5452916
143712,5454460
143768,5456028
143824,5457556
143880,5459092
143938,5460656
143992,5462192
144052,5463772
144108,5465340
144168,5466924
144224,5468492
144280,5470020
144336,5471556
144396,5473156
144452,5474708
144512,5476312
144568,5477872
144624,5479404
144680,5480972
144736,5482504
144792,5484068
144852,5485608
144908,5487168
144964,5488704
145020,5490236
145080,5491816
145136,5493344
145192,5494912
145248,5496460
145308,5498020
145364,5499548
145420,5501116
145476,5502648
145532,5504216
145588,5505748
145648,5507372
145704,5508900
145764,5510524
145820,5512056
145876,5513592
145936,5515180
145992,5516748
146052,5518376
146108,5519904
146168,5521528
146224,5523056
146280,5524596
146336,5526124
146396,5527748
146452,5529276
146512,5530896
146568,5532428
146624,5533960
146684,5535568
146740,5537120
146800,5538740
146856,5540276
146916,5541860
146972,5543432
147030,5544968
147088,5546592
147144,5548128
147204,5549752
147264,5551380
147320,5552908
147380,5554536
147436,5556068
147492,5557604
147552,5559188
147608,5560760
147668,5562360
147724,5563916
147784,5565540
147840,5567068
147896,5568608
147952,5570136
148012,5571756
148068,5573288
148128,5574908
148184,5576440
148240,5577976
148300,5579560
148356,5581128
148416,5582736
148472,5584288
148528,5585816
148584,5587384
148640,5588916
148696,5590492
148752,5592024
148812,5593652
148868,5595188
148928,5596804
148984,5598340
149040,5599872
149100,5601496
149156,5603028
149213,5604564
149272,5606156
149328,5607712
149388,5609296
149444,5610864
149500,5612396
149556,5613932
149616,5615532
149672,5617084
149732,5618668
149788,5620236
149844,5621772
149900,5623304
149960,5624924
150016,5626456
150076,5628080
150132,5629612
150188,5631148
150244,5632680
150300,5634248
150356,5635776
150416,5637360
150472,5638924
150528,5640460
150588,5642036
150644,5643572
150700,5645100
150756,5646668
150812,5648200
150872,5649780
150928,5651344
150984,5652880
151040,5654408
151098,5655976
151156,5657516
151212,5659088
151268,5660616
151328,5662204
151384,5663772
151440,5665304
151496,5666840
151556,5668424
151612,5669992
151668,5671556
151728,5673100
151784,5674664
151840,5676200
151896,5677732
151956,5679320
152012,5680908
152068,5682460
152128,5684048
152184,5685616
152240,5687144
152296,5688684
152356,5690280
152412,5691832
152472,5693460
152528,5694992
152588,5696620
152644,5698148
152700,5699684
152756,5701216
152816,5702832
152872,5704364
152928,5705932
152984,5707464
153040,5709004
153098,5710532
153156,5712120
153212,5713684
153272,5715272
153328,5716836
153384,5718376
153444,5719952
153500,5721492
153556,5723056
153613,5724624
153672,5726160
153728,5727728
153784,5729260
153840,5730796
153900,5732384
153956,5733912
154012,5735484
154072,5737064
154128,5738632
154184,5740164
154240,5741728
154296,5743228
154356,5744808
154412,5746368
154468,5747904
154528,5749480
154584,5751016
154640,5752548
154696,5754116
154752,5755664
154808,5757216
154868,5758836
154924,5760372
154982,5761900
155040,5763532
155096,5765060
155152,5766596
155212,5768216
155268,5769748
155328,5771372
155384,5772900
155440,5774436
155496,5775968
155556,5777592
155612,5779120
155672,5780748
155728,5782276
155788,5783904
155844,5785436
155900,5786972
155960,5788592
156016,5790128
156076,5791712
156132,5793284
156192,5794912
156248,5796440
156304,5797976
156360,5799508
156420,5801128
156476,5802660
156536,5804284
156592,5805816
156648,5807352
156704,5808884
156760,5810452
156816,5811980
156876,5813568
156932,5815132
156988,5816668
157044,5818196
157102,5819764
157160,5821304
157216,5822872
157272,5824404
157332,5825992
157388,5827556
157444,5829092
157500,5830624
157558,5832192
157616,5833736
157672,5835296
157728,5836836
157784,5838396
157844,5839944
157900,5841476
157956,5843044
158012,5844576
158072,5846156
158128,5847720
158184,5849256
158240,5850804
158300,5852376
158356,5853908
158412,5855476
158472,5857052
158528,5858620
158584,5860152
158640,5861688
158700,5863272
158756,5864808
158812,5866368
158868,5867940
158928,5869480
158984,5871048
159040,5872548
159096,5874116
159156,5875700
159212,5877268
159268,5878840
159328,5880388
159384,5881956
159440,5883488
159496,5885024
159556,5886608
159612,5888176
159668,5889724
159728,5891288
159784,5892868
159840,5894436
159896,5895968
159956,5897600
160013,5899132
160072,5900756
160128,5902284
160184,5903820
160244,5905444
160300,5906976
160356,5908512
160412,5910040
160472,5911656
160528,5913188
160585,5914724
160640,5916256
160696,5917788
160752,5919352
160808,5920888
160864,5922432
160924,5923996
160980,5925524
161036,5927096
161092,5928624
161148,5930176
161208,5931732
161264,5933284
161320,5934832
161376,5936368
161434,5937896
161492,5939484
161548,5941012
161604,5942580
161660,5944108
161720,5945696
161776,5947224
161832,5948792
161888,5950324
161944,5951860
162000,5953420
162056,5954956
162116,5956544
162172,5958112
162228,5959640
162284,5961180
162344,5962804
162400,5964332
162460,5965964
162516,5967492
162576,5969124
162632,5970656
162688,5972192
162748,5973796
162804,5975348
162864,5976936
162920,5978508
162980,5980100
163036,5981672
163092,5983200
163149,5984740
163208,5986360
163264,5987892
163324,5989516
163380,5991048
163436,5992584
163492,5994112
163548,5995652
163604,5997216
163660,5998768
163720,6000328
163776,6001864
163832,6003396
163888,6004964
163944,6006492
164000,6008040
164060,6009600
164116,6011132
164172,6012664
164228,6014232
164284,6015760
164340,6017296
164400,6018876
164456,6020444
164512,6021972
164568,6023508
164624,6025036
164680,6026592
164736,6028136
164792,6029672
164852,6031256
164908,6032824
164964,6034356
165020,6035892
165080,6037476
165136,6039048
165192,6040584
165252,6042204
165308,6043740
165364,6045272
165424,6046896
165480,6048428
165536,6049964
165592,6051492
165652,6053116
165708,6054648
165768,6056276
165824,6057804
165880,6059340
165936,6060872
165996,6062504
166052,6064032
166110,6065568
166168,6067148
166224,6068720