3222524
3230532
3236704
3241492
3245780
3249544
3252972
3256116
3259056
3261880
3264468
3266900
3269244
3271492
3273656
3275712
3277692
3279632
3281520
3283332
3285104
3286804
3288464
3290076
3291736
3293304
3294824
3296320
3297788
3299248
3300688
3302100
3303472
3304820
3306160
3307464
3308760
3310064
3311324
3312556
3313784
3314988
3316176
3317344
3318512
3319672
3320808
3321928
3323036
3324124
3325228
3326308
3327376
3328444
3329488
3330516
3331532
3332544
3333536
3334528
3335512
3336500
3337476
3338436
3339388
3340328
3341260
3342176
3343088
3343992
3344896
3345780
3346676
3347564
3348428
3349300
3350168
3351020
3351876
3352720
3353560
3354368
3355228
3356056
3356868
3357684
3358496
3359300
3360096
3360884
3361660
3362448
3363224
3363996
3364768
3365540
3366304
3367064
3367816
3368560
3369316
3370024
3370796
3371524
3372256
3372976
3373704
3374428
3375140
3375864
3376572
3377280
3377980
3378676
3379372
3380068
3380756
3381448
3382132
3382812
3383492
3384164
3384828
3385484
3386164
3386828
3387484
3388144
3388800
3389456
3390108
3390764
3391412
3392056
3392704
3393340
3393976
3394620
3395248
3395872
3396504
3397124
3397744
3398360
3398980
3399596
3400208
3400820
3401432
3402032
3402652
3403256
3403860
3404464
3405060
3405648
3406236
3406828
3407412
3407996
3408580
3409172
3409752
3410332
3410908
3411480
3412052
3412624
3413188
3413748
3414308
3414860
3415424
3415984
3416536
3417100
3417648
3418200
3418752
3419300
3419848
3420376
3420936
3421480
3422020
3422556
3423096
3423632
3424164
3424692
3425216
3425744
3426276
3426796
3427324
3427848
3428372
3428892
3429412
3429928
3430448
3430944
3431480
3431988
3432500
3433004
3433516
3434024
3434528
3435044
3435544
3436048
3436552
3437044
3437544
3438040
3438536
3439032
3439528
3440016
3440512
3440996
3441484
3441960
3442460
3442948
3443428
3443916
3444400
3444880
3445364
3445844
3446324
3446800
3447280
3447756
3448228
3448708
3449180
3449644
3450120
3450584
3451052
3451516
3451984
3452448
3452912
3453376
3453836
3454296
3454764
3455224
3455688
3456152
3456608
3457060
3457512
3457968
3458416
3458868
3459316
3459772
3460224
3460672
3461116
3461560
3462008
3462448
3462888
3463324
3463764
3464200
3464636
3465076
3465508
3465944
3466380
3466816
3467252
3467684
3468116
3468532
3468972
3469404
3469828
3470256
3470688
3471112
3471540
3471960
3472380
3472804
3473224
3473644
3474060
3474484
3474904
3475324
3475740
3476152
3476572
3476968
3477400
3477812
3478224
3478632
3479044
3479460
3479868
3480284
3480692
3481100
3481504
3481908
3482316
3482724
3483128
3483532
3483936
3484336
3484740
3485140
3485540
3485928
3486336
3486740
3487136
3487536
3487932
3488332
3488728
3489128
3489520
3489916
3490312
3490704
3491096
3491496
3491884
3492272
3492668
3493056
3493444
3493828
3494216
3494604
3494992
3495376
3495760
3496144
3496532
3496920
3497304
3497692
3498076
3498456
3498836
3499216
3499592
3499972
3500352
3500736
3501116
3501492
3501868
3502244
3502620
3502992
3503364
3503732
3504104
3504472
3504844
3505216
3505584
3505952
3506324
3506692
3507064
3507432
3507800
3508156
3508532
3508900
3509264
3509628
3509992
3510356
3510720
3511080
3511440
3511804
3512164
3512520
3512880
3513240
3513600
3513960
3514316
3514676
3515032
3515388
3515748
3516100
3516460
3516816
3517168
3517524
3517880
3518236
3518596
3518948
3519304
3519664
3520016
3520368
3520724
3521076
3521428
3521788
3522140
3522492
3522848
3523200
3523552
3523908
3524260
3524616
3524968
3525320
3525680
3526028
3526380
3526740
3527092
3527444
3527800
3528160
3528512
3528872
3529224
3529576
3529932
3530284
3530636
3530996
3531348
3531708
3532068
3532420
3532772
3533132
3533484
3533840
3534192
3534544
3534904
3535264
3535616
3535972
3536324
3536676
3537036
3537388
3537748
3538104
3538456
3538808
3539168
3539520
3539872
3540236
3540592
3540944
3541300
3541652
3542012
3542372
3542724
3543084
3543436
3543788
3544156
3544508
3544860
3545216
3545576
3545932
3546288
3546640
3546992
3547360
3547712
3548064
3548420
3548784
3549136
3549492
3549844
3550208
3550564
3550916
3551276
3551640
3551992
3552352
3552704
3553064
3553424
3553776
3554136
3554496
3554848
3555200
3555564
3555920
3556272
3556640
3556992
3557344
3557704
3558064
3558424
3558776
3559136
3559496
3559848
3560208
3560564
3560920
3561280
3561636
3561988
3562344
3562708
3563060
3563424
3563784
3564136
3564496
3564852
3565204
3565564
3565924
3566276
3566644
3566996
3567356
3567716
3568068
3568428
3568788
3569140
3569500
3569860
3570220
3570572
3570940
3571292
3571644
3572012
3572364
3572724
3573084
3573436
3573804
3574156
3574520
3574876
3575240
3575592
3575960
3576312
3576668
3577032
3577388
3577748
3578108
3578468
3578820
3579188
3579544
3579912
3580264
3580624
3580984
3581348
3581700
3582068
3582420
3582784
3583144
3583504
3583860
3584228
3584580
3584940
3585296
3585656
3586008
3586372
3586724
3587088
3587448
3587800
3588160
3588520
3588880
3589236
3589596
3589948
3590316
3590668
3591028
3591396
3591748
3592100
3592468
3592828
3593180
3593544
3593900
3594268
3594624
3594976
3595344
3595696
3596056
3596424
3596776
3597140
3597496
3597856
3598220
3598576
3598936
3599292
3599656
3600020
3600368
3600736
3601096
3601456
3601816
3602176
3602532
3602892
3603252
3603612
3603972
3604332
3604692
3605052
3605412
3605768
3606128
3606488
3606844
3607204
3607568
3607928
3608280
3608644
3609004
3609356
3609724
3610080
3610440
3610800
3611156
3611516
3611876
3612236
3612596
3612964
3613312
3613672
3614040
3614400
3614760
3615116
3615480
3615844
3616196
3616556
3616920
3617280
3617632
3617996
3618356
3618716
3619084
3619436
3619796
3620164
3620524
3620888
3621240
3621600
3621964
3622328
3622688
3623044
3623404
3623764
3624132
3624492
3624844
3625208
3625568
3625928
3626296
3626656
3627020
3627372
3627732
3628100
3628460
3628820
3629184
3629544
3629900
3630272
3630624
3630984
3631352
3631716
3632076
3632440
3632800
3633168
3633528
3633880
3634248
3634608
3634968
3635336
3635696
3636056
3636420
3636780
3637144
3637508
3637868
3638228
3638588
3638956
3639316
3639676
3640036
3640404
3640764
3641124
3641488
3641852
3642212
3642576
3642936
3643296
3643664
3644024
3644384
3644752
3645116
3645480
3645840
3646200
3646568
3646928
3647288
3647656
3648016
3648376
3648740
3649100
3649460
3649824
3650184
3650544
3650912
3651272
3651640
3652008
3652368
3652732
3653092
3653456
3653820
3654180
3654544
3654908
3655268
3655628
3656004
3656356
3656732
3657092
3657452
3657820
3658180
3658540
3658908
3659268
3659628
3660004
3660364
3660724
3661092
3661452
3661812
3662180
3662548
3662916
3663276
3663636
3664004
3664364
3664724
3665100
3665460
3665820
3666188
3666548
3666908
3667284
3667644
3668008
3668368
3668728
3669096
3669464
3669828
3670192
3670556
3670916
3671292
3671652
3672016
3672380
3672740
3673116
3673480
3673840
3674216
3674576
3674936
3675304
3675664
3676036
3676404
3676764
3677132
3677500
3677860
3678228
3678600
3678960
3679328
3679688
3680060
3680424
3680784
3681156
3681520
3681880
3682252
3682616
3682976
3683352
3683712
3684076
3684452
3684812
3685172
3685548
3685908
3686272
3686648
3687004
3687364
3687728
3688096
3688460
3688820
3689188
3689556
3689916
3690284
3690648
3691008
3691376
3691740
3692112
3692472
3692836
3693204
3693564
3693928
3694300
3694664
3695032
3695392
3695760
3696128
3696488
3696864
3697220
3697584
3697956
3698316
3698684
3699052
3699420
3699788
3700156
3700516
3700888
3701248
3701608
3701984
3702344
3702712
3703080
3703448
3703816
3704184
3704544
3704920
3705280
3705652
3706016
3706384
3706748
3707120
3707484
3707852
3708216
3708584
3708952
3709320
3709684
3710056
3710420
3710788
3711156
3711524
3711884
3712264
3712628
3712988
3713364
3713724
3714096
3714456
3714824
3715192
3715560
3715932
3716296
3716664
3717028
3717400
3717760
3718128
3718504
3718864
3719240
3719600
3719968
3720344
3720704
3721072
3721448
3721808
3722176
3722544
3722912
3723288
3723648
3724016
3724392
3724752
3725120
3725496
3725856
3726224
3726600
3726960
3727332
3727708
3728068
3728440
3728808
3729168
3729544
3729912
3730272
3730648
3731016
3731376
3731752
3732120
3732488
3732856
3733224
3733592
3733960
3734328
3734704
3735064
3735436
3735812
3736180
3736540
3736916
3737288
3737660
3738020
3738388
3738764
3739132
3739492
3739868
3740236
3740608
3740980
3741340
3741716
3742088
3742456
3742824
3743192
3743560
3743936
3744308
3744676
3745040
3745408
3745780
3746152
3746524
3746892
3747260
3747628
3748004
3748372
3748740
3749108
3749476
3749844
3750220
3750592
3750964
3751328
3751696
3752072
3752440
3752808
3753184
3753552
3753924
3754288
3754656
3755032
3755404
3755772
3756148
3756520
3756888
3757264
3757632
3757996
3758372
3758740
3759116
3759488
3759856
3760232
3760600
3760972
3761344
3761716
3762084
3762460
3762828
3763200
3763572
3763940
3764316
3764688
3765056
3765432
3765800
3766168
3766544
3766912
3767284
3767660
3768028
3768404
3768772
3769140
3769516
3769884
3770252
3770628
3770996
3771364
3771740
3772108
3772484
3772852
3773224
3773596
3773968
3774336
3774712
3775084
3775452
3775828
3776196
3776572
3776940
3777308
3777692
3778060
3778428
3778804
3779172
3779544
3779916
3780288
3780668
3781040
3781408
3781784
3782152
3782520
3782896
3783264
3783636
3784012
3784388
3784760
3785132
3785500
3785876
3786244
3786624
3787000
3787368
3787736
3788112
3788484
3788860
3789236
3789604
3789976
3790344
3790716
3791092
3791468
3791836
3792212
3792580
3792956
3793332
3793704
3794076
3794448
3794824
3795200
3795568
3795936
3796312
3796688
3797064
3797432
3797812
3798188
3798556
3798928
3799312
3799680
3800048
3800424
3800800
3801176
3801544
3801916
3802300
3802668
3803036
3803420
3803788
3804164
3804536
3804912
3805288
3805656
3806032
3806408
3806780
3807156
3807532
3807904
3808288
3808656
3809024
3809408
3809776
3810144
3810528
3810900
3811268
3811652
3812020
3812404
3812772
3813144
3813528
3813896
3814264
3814652
3815020
3815396
3815772
3816140
3816524
3816892
3817272
3817648
3818016
3818392
3818768
3819148
3819516
3819904
3820272
3820648
3821024
3821396
3821780
3822148
3822524
3822900
3823280
3823656
3824024
3824404
3824776
3825156
3825524
3825908
3826280
3826656
3827032
3827412
3827788
3828168
3828536
3828920
3829288
3829668
3830044
3830420
3830804
3831172
3831552
3831928
3832308
3832676
3833060
3833432
3833812
3834188
3834564
3834948
3835320
3835696
3836072
3836452
3836824
3837208
3837584
3837964
3838340
3838712
3839096
3839468
3839848
3840232
3840600
3840976
3841360
3841724
3842108
3842476
3842852
3843228
3843604
3843980
3844352
3844728
3845108
3845480
3845860
3846240
3846608
3846984
3847368
3847736
3848112
3848496
3848864
3849248
3849624
3849992
3850376
3850752
3851120
3851504
3851880
3852248
3852632
3853008
3853384
3853760
3854136
3854508
3854888
3855264
3855636
3856016
3856396
3856764
3857140
3857524
3857900
3858268
3858652
3859028
3859408
3859780
3860160
3860540
3860916
3861284
3861668
3862044
3862424
3862796
3863172
3863556
3863936
3864312
3864688
3865064
3865444
3865824
3866204
3866572
3866952
3867332
3867712
3868092
3868460
3868844
3869220
3869596
3869980
3870356
3870744
3871112
3871488
3871872
3872248
3872624
3873000
3873376
3873756
3874136
3874516
3874900
3875276
3875644
3876028
3876404
3876780
3877164
3877540
3877924
3878304
3878680
3879056
3879432
3879812
3880196
3880572
3880948
3881332
3881712
3882092
3882472
3882848
3883232
3883608
3883976
3884368
3884740
3885124
3885500
3885876
3886260
3886640
3887016
3887400
3887776
3888160
3888540
3888916
3889300
3889676
3890056
3890440
3890816
3891196
3891580
3891956
3892340
3892716
3893092
3893476
3893852
3894232
3894612
3894992
3895372
3895752
3896128
3896512
3896888
3897264
3897648
3898024
3898408
3898792
3899160
3899552
3899932
3900308
3900692
3901068
3901452
3901832
3902208
3902592
3902968
3903348
3903732
3904108
3904492
3904876
3905252
3905636
3906012
3906388
3906772
3907160
3907528
3907920
3908296
3908680
3909056
3909436
3909828
3910196
3910584
3910968
3911344
3911728
3912108
3912492
3912876
3913252
3913628
3914012
3914388
3914780
3915160
3915536
3915920
3916300
3916680
3917072
3917448
3917832
3918208
3918588
3918980
3919356
3919736
3920120
3920504
3920880
3921264
3921640
3922032
3922408
3922788
3923172
3923556
3923932
3924316
3924696
3925088
3925464
3925844
3926232
3926612
3926988
3927372
3927760
3928144
3928520
3928900
3929292
3929668
3930044
3930436
3930816
3931200
3931584
3931964
3932348
3932732
3933108
3933492
3933868
3934260
3934636
3935024
3935404
3935784
3936168
3936552
3936928
3937320
3937696
3938072
3938460
3938840
3939216
3939604
3939984
3940376
3940752
3941128
3941520
3941896
3942276
3942668
3943044
3943432
3943808
3944188
3944576
3944952
3945332
3945720
3946096
3946484
3946864
3947252
3947632
3948012
3948396
3948780
3949164
3949540
3949932
3950308
3950700
3951080
3951464
3951848
3952228
3952612
3953004
3953380
3953764
3954148
3954524
3954916
3955296
3955680
3956060
3956448
3956832
3957216
3957592
3957984
3958364
3958748
3959140
3959516
3959900
3960288
3960664
3961056
3961432
3961820
3962212
3962588
3962980
3963356
3963744
3964128
3964512
3964888
3965280
3965668
3966048
3966436
3966812
3967204
3967592
3967968
3968364
3968740
3969128
3969516
3969892
3970284
3970660
3971044
3971436
3971812
3972204
3972584
3972968
3973360
3973736
3974120
3974504
3974888
3975280
3975656
3976040
3976432
3976808
3977192
3977584
3977964
3978356
3978740
3979116
3979508
3979896
3980272
3980664
3981052
3981436
3981820
3982204
3982596
3982976
3983368
3983752
3984128
3984520
3984904
3985292
3985672
3986060
3986452
3986828
3987212
3987604
3987992
3988368
3988760
3989144
3989528
3989916
3990300
3990696
3991080
3991460
3991852
3992236
3992628
3993008
3993396
3993788
3994172
3994556
3994948
3995324
3995716
3996104
3996488
3996880
3997256
3997640
3998032
3998420
3998812
3999188
3999576
3999968
4000352
4000728
4001120
4001504
4001896
4002280
4002664
4003056
4003432
4003816
4004208
4004592
4004980
4005368
4005744
4006136
4006520
4006904
4007292
4007680
4008068
4008452
4008836
4009220
4009604
4009996
4010380
4010764
4011156
4011540
4011928
4012320
4012696
4013088
4013472
4013856
4014248
4014632
4015020
4015408
4015796
4016184
4016568
4016956
4017344
4017732
4018108
4018504
4018884
4019284
4019656
4020040
4020432
4020816
4021200
4021592
4021976
4022368
4022752
4023140
4023528
4023916
4024300
4024692
4025076
4025468
4025852
4026236
4026628
4027012
4027404
4027792
4028176
4028568
4028952
4029336
4029728
4030112
4030516
4030900
4031284
4031676
4032064
4032448
4032840
4033224
4033612
4034000
4034384
4034776
4035160
4035544
4035944
4036328
4036720
4037104
4037492
4037884
4038268
4038652
4039044
4039428
4039828
4040216
4040600
4040988
4041376
4041768
4042152
4042536
4042928
4043312
4043708
4044100
4044484
4044876
4045260
4045652
4046044
4046428
4046812
4047204
4047588
4047988
4048376
4048760
4049148
4049536
4049928
4050320
4050704
4051096
4051480
4051868
4052260
4052652
4053044
4053428
4053816
4054208
4054600
4054984
4055380
4055764
4056164
4056548
4056932
4057324
4057716
4058104
4058492
4058880
4059276
4059664
4060048
4060440
4060832
4061224
4061608
4061996
4062396
4062780
4063168
4063568
4063952
4064348
4064732
4065124
4065516
4065900
4066296
4066688
4067072
4067472
4067860
4068244
4068644
4069028
4069420
4069808
4070200
4070592
4070988
4071372
4071764
4072156
4072548
4072936
4073328
4073720
4074108
4074508
4074892
4075288
4075680
4076064
4076448
4076848
4077232
4077636
4078020
4078404
4078804
4079192
4079584
4079980
4080364
4080764
4081152
4081544
4081936
4082320
4082720
4083116
4083504
4083896
4084288
4084672
4085072
4085460
4085860
4086244
4086632
4087032
4087416
4087816
4088204
4088596
4088988
4089384
4089768
4090168
4090556
4090956
4091344
4091736
4092128
4092516
4092912
4093312
4093700
4094100
4094484
4094880
4095272
4095668
4096068
4096452
4096832
4097232
4097612
4098004
4098392
4098784
4099172
4099564
4099948
4100348
4100728
4101128
4101512
4101896
4102292
4102684
4103068
4103468
4103848
4104248
4104632
4105024
4105412
4105804
4106188
4106588
4106980
4107368
4107760
4108144
4108544
4108928
4109324
4109708
4110100
4110500
4110884
4111276
4111664
4112060
4112456
4112840
4113224
4113620
4114012
4114396
4114796
4115188
4115580
4115972
4116368
4116756
4117148
4117540
4117932
4118324
4118716
4119108
4119500
4119892
4120284
4120684
4121068
4121460
4121860
4122244
4122640
4123032
4123416
4123816
4124200
4124592
4124992
4125376
4125772
4126168
4126552
4126948
4127344
4127736
4128124
4128516
4128916
4129308
4129692
4130088
4130480
4130872
4131264
4131656
4132056
4132440
4132832
4133232
4133624
4134016
4134408
4134800
4135192
4135584
4135984
4136376
4136768
4137160
4137552
4137944
4138336
4138728
4139128
4139520
4139912
4140304
4140696
4141096
4141488
4141880
4142272
4142664
4143056
4143456
4143848
4144248
4144632
4145028
4145424
4145820
4146216
4146604
4146996
4147396
4147788
4148180
4148580
4148964
4149360
4149752
4150148
4150548
4150932
4151340
4151724
4152116
4152516
4152908
4153300
4153700
4154092
4154492
4154876
4155272
4155672
4156064
4156464
4156856
4157248
4157648
4158040
4158436
4158828
4159220
4159620
4160012
4160404
4160800
4161192
4161588
4161984
4162368
4162772
4163156
4163548
4163948
4164340
4164740
4165132
4165524
4165920
4166316
4166712
4167108
4167500
4167900
4168292
4168684
4169080
4169472
4169872
4170264
4170648
4171056
4171440
4171848
4172232
4172624
4173024
4173416
4173812
4174216
4174604
4175008
4175396
4175796
4176196
4176588
4176988
4177380
4177772
4178172
4178564
4178960
4179352
4179744
4180144
4180536
4180928
4181328
4181720
4182116
4182512
4182904
4183300
4183696
4184092
4184484
4184876
4185276
4185668
4186060
4186460
4186852
4187260
4187652
4188044
4188444
4188836
4189236
4189628
4190020
4190420
4190820
4191204
4191612
4192008
4192404
4192796
4193188
4193588
4193984
4194380
4194776
4195176
4195576
4195968
4196368
4196760
4197156
4197564
4197956
4198352
4198752
4199144
4199552
4199944
4200336
4200732
4201128
4201524
4201924
4202316
4202716
4203108
4203504
4203900
4204296
4204700
4205096
4205488
4205884
4206280
4206684
4207080
4207472
4207872
4208264
4208672
4209064
4209456
4209864
4210256
4210648
4211048
4211440
4211848
4212240
4212632
4213032
4213432
4213832
4214224
4214620
4215028
4215420
4215820
4216212
4216608
4217016
4217408
4217800
4218208
4218604
4219004
4219404
4219796
4220196
4220588
4220996
4221388
4221784
4222188
4222584
4222984
4223384
4223776
4224180
4224568
4224968
4225368
4225760
4226168
4226560
4226952
4227356
4227752
4228148
4228544
4228944
4229344
4229736
4230136
4230536
4230936
4231336
4231728
4232132
4232528
4232920
4233328
4233724
4234116
4234524
4234916
4235324
4235716
4236112
4236520
4236912
4237320
4237712
4238108
4238512
4238908
4239300
4239708
4240104
4240508
4240900
4241304
4241700
4242092
4242500
4242892
4243296
4243692
4244096
4244492
4244884
4245284
4245684
4246084
4246480
4246884
4247280
4247676
4248080
4248472
4248880
4249272
4249680
4250072
4250468
4250872
4251276
4251672
4252068
4252468
4252876
4253268
4253664
4254068
4254472
4254872
4255272
4255668
4256076
4256468
4256876
4257268
4257668
4258068
4258460
4258868
4259272
4259664
4260072
4260464
4260872
4261264
4261656
4262064
4262464
4262856
4263264
4263656
4264064
4264456
4264856
4265252
4265656
4266060
4266452
4266848
4267252
4267656
4268052
4268456
4268848
4269252
4269648
4270048
4270448
4270848
4271256
4271648
4272052
4272448
4272848
4273256
4273648
4274052
4274452
4274852
4275260
4275652
4276052
4276452
4276852
4277260
4277652
4278056
4278456
4278856
4279256
4279656
4280060
4280460
4280860
4281260
4281660
4282060
4282468
4282860
4283260
4283668
4284060
4284468
4284872
4285264
4285672
4286072
4286472
4286872
4287276
4287676
4288080
4288480
4288876
4289276
4289684
4290076
4290480
4290888
4291280
4291684
4292088
4292480
4292888
4293288
4293696
4294088
4294488
4294896
4295296
4295696
4296100
4296500
4296908
4297300
4297704
4298112
4298504
4298912
4299316
4299716
4300124
4300520
4300928
4301328
4301720
4302128
4302528
4302936
4303336
4303728
4304136
4304536
4304944
4305336
4305740
4306148
4306548
4306956
4307348
4307748
4308156
4308560
4308952
4309360
4309760
4310168
4310568
4310960
4311372
4311772
4312180
4312580
4312976
4313380
4313784
4314192
4314592
4314996
4315404
4315796
4316204
4316604
4317008
4317416
4317816
4318224
4318620
4319020
4319432
4319832
4320236
4320644
4321036
4321444
4321844
4322244
4322652
4323052
4323452
4323852
4324252
4324660
4325060
4325468
4325872
4326272
4326680
4327080
4327480
4327880
4328284
4328688
4329092
4329500
4329900
4330292
4330700
4331104
4331504
4331916
4332316
4332724
4333128
4333528
4333936
4334336
4334744
4335148
4335548
4335956
4336360
4336768
4337168
4337572
4337980
4338372
4338780
4339184
4339588
4339996
4340396
4340804
4341208
4341608
4342016
4342416
4342824
4343224
4343628
4344036
4344436
4344844
4345244
4345648
4346052
4346456
4346856
4347264
4347668
4348076
4348476
4348880
4349284
4349688
4350096
4350496
4350900
4351308
4351712
4352120
4352520
4352920
4353328
4353728
4354132
4354536
4354936
4355352
4355752
4356160
4356560
4356964
4357368
4357772
4358176
4358580
4358980
4359388
4359788
4360192
4360596
4361000
4361408
4361808
4362208
4362616
4363016
4363432
4363836
4364236
4364644
4365044
4365452
4365852
4366256
4366672
4367072
4367480
4367880
4368284
4368688
4369092
4369496
4369900
4370300
4370716
4371120
4371528
4371928
4372332
4372740
4373140
4373548
4373960
4374360
4374768
4375172
4375580
4375980
4376392
4376800
4377200
4377612
4378012
4378412
4378828
4379228
4379632
4380040
4380440
4380848
4381248
4381652
4382068
4382472
4382880
4383280
4383680
4384096
4384496
4384904
4385308
4385708
4386124
4386524
4386932
4387332
4387736
4388152
4388552
4388960
4389364
4389764
4390180
4390584
4390992
4391392
4391804
4392212
4392612
4393024
4393424
4393824
4394240
4394644
4395052
4395460
4395864
4396272
4396676
4397092
4397496
4397896
4398312
4398716
4399124
4399528
4399940
4400348
4400748
4401164
4401568
4401972
4402380
4402788
4403192
4403600
4404008
4404416
4404816
4405216
4405632
4406036
4406440
4406852
4407252
4407660
4408060
4408476
4408880
4409280
4409696
4410096
4410504
4410904
4411316
4411724
4412124
4412540
4412944
4413344
4413764
4414164
4414580
4414980
4415384
4415800
4416204
4416608
4417020
4417420
4417828
4418240
4418644
4419056
4419456
4419864
4420268
4420680
4421084
4421496
4421904
4422304
4422720
4423124
4423532
4423944
4424344
4424760
4425160
4425568
4425976
4426380
4426796
4427196
4427608
4428012
4428424
4428832
4429232
4429640
4430048
4430448
4430864
4431268
4431676
4432084
4432492
4432900
4433312
4433712
4434120
4434528
4434932
4435348
4435748
4436164
4436568
4436976
4437384
4437784
4438200
4438612
4439012
4439424
4439832
4440240
4440652
4441052
4441468
4441872
4442288
4442688
4443100
4443508
4443916
4444328
4444736
4445140
4445556
4445956
4446372
4446776
4447184
4447592
4448004
4448420
4448820
4449220
4449640
4450040
4450456
4450856
4451268
4451676
4452088
4452492
4452904
4453316
4453724
4454132
4454552
4454952
4455356
4455772
4456180
4456588
4457000
4457400
4457816
4458216
4458636
4459044
4459448
4459864
4460264
4460680
4461084
4461496
4461912
4462312
4462732
4463132
4463544
4463960
4464364
4464780
4465184
4465592
4466008
4466412
4466828
4467228
4467640
4468048
4468456
4468872
4469276
4469684
4470100
4470504
4470920
4471320
4471732
4472148
4472552
4472968
4473380
4473784
4474200
4474600
4475020
4475428
4475832
4476248
4476660
4477068
4477480
4477888
4478300
4478708
4479128
4479532
4479944
4480360
4480760
4481176
4481584
4481988
4482404
4482812
4483220
4483628
4484036
4484444
4484852
4485268
4485672
4486080
4486496
4486896
4487312
4487712
4488120
4488536
4488936
4489352
4489764
4490164
4490580
4490992
4491408
4491808
4492220
4492636
4493036
4493452
4493864
4494264
4494680
4495092
4495508
4495908
4496320
4496736
4497136
4497552
4497964
4498372
4498780
4499192
4499608
4500012
4500420
4500836
4501248
4501664
4502064
4502476
4502892
4503304
4503720
4504124
4504532
4504952
4505352
4505772
4506180
4506588
4507004
4507404
4507820
4508228
4508628
4509044
4509456
4509868
4510280
4510680
4511096
4511508
4511924
4512332
4512732
4513148
4513560
4513976
4514376
4514784
4515200
4515612
4516020
4516428
4516836
4517252
4517652
4518068
4518480
4518888
4519304
4519712
4520120
4520528
4520940
4521356
4521764
4522180
4522580
4522992
4523408
4523816
4524232
4524644
4525044
4525460
4525872
4526288
4526696
4527100
4527524
4527924
4528340
4528752
4529168
4529576
4529988
4530404
4530804
4531228
4531628
4532040
4532456
4532864
4533280
4533688
4534100
4534508
4534916
4535332
4535744
4536156
4536572
4536980
4537396
4537808
4538208
4538632
4539036
4539460
4539864
4540272
4540688
4541100
4541516
4541928
4542340
4542756
4543164
4543584
4543996
4544408
4544820
4545224
4545648
4546048
4546460
4546876
4547284
4547700
4548108
4548520
4548936
4549344
4549760
4550172
4550580
4550996
4551408
4551824
4552236
4552644
4553060
4553472
4553888
4554300
4554708
4555124
4555536
4555952
4556364
4556776
4557192
4557604
4558020
4558428
4558840
4559256
4559664
4560084
4560492
4560908
4561316
4561728
4562144
4562552
4562968
4563380
4563788
4564204
4564616
4565032
4565440
4565852
4566268
4566676
4567104
4567504
4567916
4568340
4568748
4569164
4569576
4569988
4570404
4570812
4571228
4571640
4572048
4572468
4572876
4573292
4573704
4574112
4574532
4574940
4575368
4575776
4576188
4576604
4577016
4577432
4577840
4578252
4578668
4579080
4579504
4579916
4580324
4580740
4581152
4581568
4581980
4582392
4582808
4583228
4583644
4584056
4584472
4584880
4585292
4585708
4586120
4586544
4586956
4587364
4587784
4588192
4588608
4589016
4589428
4589852
4590252
4590676
4591088
4591496
4591916
4592324
4592748
4593160
4593568
4593984
4594396
4594812
4595224
4595640
4596056
4596468
4596884
4597292
4597704
4598120
4598536
4598952
4599364
4599772
4600192
4600600
4601016
4601436
4601848
4602264
4602672
4603096
4603508
4603924
4604336
4604744
4605172
4605580
4606000
4606408
4606820
4607244
4607656
4608072
4608480
4608888
4609304
4609712
4610132
4610544
4610952
4611368
4611776
4612200
4612608
4613016
4613432
4613844
4614268
4614676
4615084
4615500
4615912
4616336
4616744
4617152
4617568
4617980
4618404
4618812
4619224
4619636
4620048
4620472
4620880
4621288
4621704
4622124
4622540
4622948
4623356
4623776
4624192
4624608
4625020
4625432
4625844
4626264
4626676
4627088
4627504
4627924
4628332
4628748
4629160
4629584
4629992
4630404
4630824
4631236
4631652
4632060
4632472
4632896
4633304
4633724
4634132
4634540
4634964
4635376
4635792
4636208
4636620
4637036
4637444
4637868
4638280
4638688
4639112
4639524
4639940
4640352
4640776
4641184
4641592
4642020
4642428
4642844
4643252
4643660
4644084
4644496
4644908
4645320
4645736
4646152
4646564
4646988
4647396
4647804
4648232
4648640
4649056
4649464
4649884
4650296
4650708
4651132
4651540
4651952
4652368
4652784
4653204
4653612
4654024
4654448
4654856
4655272
4655692
4656100
4656516
4656936
4657352
4657764
4658188
4658596
4659008
4659432
4659840
4660256
4660676
4661084
4661500
4661920
4662336
4662744
4663164
4663580
4663988
4664416
4664824
4665236
4665660
4666068
4666484
4666904
4667312
4667728
4668148
4668564
4668976
4669392
4669812
4670220
4670644
4671056
4671464
4671888
4672300
4672724
4673132
4673548
4673968
4674376
4674800
4675208
4675624
4676044
4676452
4676868
4677284
4677700
4678112
4678528
4678944
4679356
4679780
4680192
4680600
4681024
4681432
4681860
4682268
4682676
4683100
4683512
4683936
4684348
4684760
4685184
4685592
4686020
4686428
4686836
4687260
4687672
4688096
4688508
4688924
4689340
4689752
4690168
4690584
4691000
4691420
4691828
4692256
4692664
4693080
4693500
4693908
4694332
4694744
4695168
4695580
4695992
4696416
4696828
4697252
4697660
4698072
4698496
4698908
4699332
4699740
4700168
4700576
4700996
4701412
4701824
4702248
4702668
4703080
4703496
4703916
4704332
4704752
4705164
4705588
4706000
4706424
4706832
4707244
4707668
4708080
4708504
4708916
4709336
4709752
4710172
4710600
4711008
4711416
4711844
4712252
4712676
4713088
4713512
4713920
4714332
4714756
4715164
4715592
4716000
4716420
4716844
4717252
4717672
4718088
4718500
4718924
4719336
4719760
4720172
4720588
4721004
4721424
4721840
4722256
4722668
4723092
4723504
4723928
4724336
4724764
4725172
4725592
4726008
4726428
4726844
4727260
4727672
4728096
4728516
4728932
4729352
4729760
4730184
4730596
4731020
4731432
4731852
4732268
4732688
4733104
4733524
4733932
4734360
4734772
4735196
4735616
4736032
4736452
4736860
4737284
4737692
4738116
4738528
4738944
4739360
4739780
4740196
4740616
4741024
4741452
4741860
4742284
4742704
4743116
4743540
4743952
4744376
4744792
4745204
4745628
4746040
4746464
4746876
4747300
4747712
4748128
4748556
4748968
4749392
4749800
4750220
4750636
4751056
4751484
4751892
4752312
4752728
4753144
4753568
4753980
4754400
4754816
4755232
4755648
4756068
4756492
4756900
4757320
4757736
4758156
4758580
4758992
4759404
4759828
4760248
4760672
4761080
4761492
4761920
4762336
4762760
4763168
4763588
4764004
4764424
4764848
4765256
4765668
4766092
4766508
4766928
4767344
4767760
4768180
4768600
4769016
4769432
4769856
4770268
4770688
4771112
4771524
4771948
4772356
4772776
4773200
4773612
4774036
4774448
4774864
4775288
4775700
4776124
4776536
4776952
4777380
4777788
4778212
4778624
4779048
4779468
4779880
4780304
4780724
4781148
4781560
4781980
4782396
4782816
4783240
4783652
4784072
4784496
4784908
4785332
4785744
4786164
4786588
4787000
4787424
4787844
4788260
4788680
4789096
4789516
4789936
4790360
4790772
4791192
4791616
4792028
4792452
4792864
4793284
4793708
4794120
4794544
4794964
4795372
4795800
4796220
4796644
4797056
4797480
4797900
4798312
4798736
4799156
4799576
4799996
4800416
4800832
4801248
4801672
4802080
4802492
4802916
4803332
4803756
4804168
4804584
4805000
4805416
4805840
4806252
4806676
4807092
4807504
4807928
4808348
4808764
4809180
4809592
4810016
4810436
4810860
4811268
4811688
4812104
4812524
4812948
4813356
4813776
4814200
4814608
4815032
4815452
4815860
4816284
4816700
4817116
4817536
4817960
4818368
4818788
4819204
4819620
4820044
4820456
4820872
4821288
4821708
4822132
4822548
4822960
4823384
4823804
4824220
4824636
4825056
4825472
4825892
4826316
4826724
4827148
4827568
4827980
4828404
4828812
4829236
4829656
4830076
4830492
4830912
4831336
4831748
4832168
4832592
4833000
4833424
4833844
4834252
4834676
4835096
4835512
4835928
4836340
4836764
4837184
4837608
4838016
4838444
4838852
4839268
4839692
4840112
4840528
4840944
4841364
4841780
4842196
4842620
4843032
4843452
4843876
4844284
4844708
4845128
4845536
4845964
4846372
4846796
4847216
4847640
4848052
4848468
4848892
4849304
4849728
4850148
4850556
4850984
4851400
4851824
4852236
4852656
4853080
4853492
4853916
4854328
4854744
4855168
4855588
4856004
4856424
4856848
4857260
4857676
4858100
4858520
4858936
4859356
4859776
4860192
4860612
4861036
4861448
4861868
4862292
4862704
4863128
4863548
4863968
4864388
4864804
4865228
4865636
4866060
4866480
4866896
4867312
4867728
4868152
4868564
4868984
4869408
4869816
4870240
4870652
4871068
4871496
4871904
4872328
4872748
4873160
4873584
4874004
4874428
4874844
4875256
4875680
4876088
4876512
4876932
4877356
4877768
4878184
4878608
4879020
4879444
4879864
4880272
4880696
4881116
4881532
4881952
4882368
4882792
4883204
4883628
4884036
4884456
4884880
4885296
4885712
4886132
4886556
4886968
4887384
4887812
4888220
4888644
4889064
4889476
4889900
4890320
4890744
4891152
4891572
4891996
4892408
4892832
4893252
4893672
4894088
4894504
4894932
4895340
4895768
4896184
4896604
4897020
4897436
4897864
4898272
4898692
4899116
4899528
4899952
4900372
4900780
4901208
4901624
4902052
4902472
4902880
4903304
4903724
4904140
4904560
4904984
4905396
4905812
4906240
4906648
4907076
4907492
4907912
4908340
4908752
4909176
4909596
4910008
4910432
4910852
4911280
4911688
4912108
4912536
4912944
4913372
4913792
4914216
4914628
4915048
4915476
4915884
4916308
4916724
4917144
4917556
4917976
4918400
4918808
4919224
4919648
4920060
4920480
4920900
4921308
4921732
4922148
4922572
4922980
4923404
4923816
4924232
4924656
4925076
4925492
4925908
4926320
4926744
4927160
4927584
4927996
4928416
4928836
4929244
4929668
4930088
4930496
4930920
4931336
4931752
4932172
4932588
4933012
4933420
4933848
4934256
4934680
4935100
4935516
4935940
4936352
4936776
4937192
4937604
4938028
4938444
4938860
4939276
4939696
4940112
4940532
4940956
4941364
4941784
4942204
4942616
4943040
4943456
4943884
4944292
4944708
4945132
4945544
4945968
4946388
4946804
4947220
4947636
4948060
4948472
4948888
4949312
4949724
4950148
4950568
4950976
4951404
4951820
4952244
4952664
4953076
4953500
4953920
4954336
4954752
4955180
4955596
4956008
4956432
4956852
4957268
4957684
4958104
4958520
4958940
4959364
4959772
4960192
4960616
4961032
4961460
4961868
4962284
4962708
4963120
4963544
4963960
4964384
4964796
4965212
4965628
4966048
4966472
4966888
4967300
4967724
4968132
4968556
4968972
4969388
4969804
4970224
4970648
4971056
4971476
4971900
4972320
4972736
4973152
4973576
4973988
4974408
4974832
4975248
4975664
4976084
4976496
4976920
4977336
4977760
4978180
4978588
4979012
4979432
4979848
4980264
4980684
4981108
4981516
4981944
4982360
4982772
4983196
4983616
4984040
4984448
4984872
4985292
4985704
4986128
4986544
4986972
4987380
4987800
4988224
4988636
4989060
4989480
4989896
4990312
4990732
4991160
4991568
4991988
4992416
4992832
4993248
4993668
4994092
4994500
4994920
4995344
4995764
4996188
4996596
4997016
4997440
4997852
4998276
4998692
4999104
4999528
4999944
5000360
5000780
5001196
5001624
5002032
5002456
5002872
5003300
5003708
5004128
5004552
5004972
5005388
5005804
5006224
5006640
5007056
5007484
5007900
5008312
5008736
5009148
5009572
5009988
5010408
5010832
5011244
5011668
5012084
5012504
5012920
5013340
5013764
5014172
5014600
5015016
5015428
5015856
5016276
5016700
5017120
5017528
5017956
5018372
5018792
5019208
5019628
5020052
5020460
5020884
5021304
5021728
5022140
5022556
5022984
5023392
5023816
5024236
5024648
5025072
5025488
5025912
5026324
5026744
5027168
5027580
5028004
5028420
5028840
5029264
5029672
5030100
5030520
5030936
5031352
5031772
5032196
5032616
5033032
5033452
5033864
5034288
5034708
5035132
5035544
5035964
5036388
5036808
5037224
5037644
5038060
5038488
5038896
5039324
5039740
5040168
5040576
5040996
5041420
5041840
5042256
5042672
5043084
5043512
5043928
5044352
5044764
5045180
5045608
5046024
5046440
5046860
5047280
5047704
5048112
5048540
5048956
5049384
5049792
5050212
5050636
5051048
5051472
5051892
5052304
5052728
5053148
5053572
5053992
5054404
5054828
5055248
5055676
5056088
5056504
5056928
5057340
5057764
5058184
5058608
5059016
5059436
5059860
5060280
5060696
5061116
5061528
5061952
5062372
5062796
5063216
5063628
5064052
5064472
5064896
5065308
5065724
5066152
5066572
5066988
5067408
5067832
5068244
5068664
5069088
5069508
5069932
5070344
5070764
5071188
5071600
5072024
5072444
5072864
5073280
5073696
5074124
5074540
5074960
5075380
5075796
5076224
5076636
5077060
5077480
5077892
5078316
5078736
5079164
5079572
5079992
5080420
5080836
5081252
5081672
5082092
5082516
5082924
5083352
5083768
5084196
5084604
5085024
5085448
5085860
5086284
5086704
5087116
5087540
5087960
5088384
5088804
5089216
5089640
5090056
5090484
5090892
5091312
5091736
5092156
5092572
5092992
5093420
5093832
5094248
5094676
5095096
5095512
5095932
5096352
5096776
5097188
5097612
5098032
5098452
5098876
5099288
5099712
5100132
5100556
5100968
5101388
5101812
5102224
5102652
5103068
5103480
5103908
5104328
5104752
5105172
5105584
5106008
5106428
5106856
5107268
5107684
5108112
5108532
5108956
5109368
5109792
5110212
5110624
5111052
5111472
5111896
5112316
5112728
5113156
5113576
5114004
5114416
5114836
5115260
5115680
5116108
5116520
5116948
5117368
5117788
5118212
5118628
5119052
5119472
5119896
5120324
5120732
5121152
5121560
5121976
5122400
5122808
5123232
5123648
5124056
5124480
5124896
5125316
5125728
5126148
5126568
5126976
5127400
5127816
5128232
5128648
5129056
5129480
5129896
5130320
5130728
5131144
5131568
5131980
5132404
5132820
5133236
5133652
5134068
5134492
5134904
5135320
5135744
5136164
5136576
5136996
5137404
5137828
5138244
5138668
5139076
5139504
5139920
5140332
5140756
5141172
5141596
5142004
5142424
5142848
5143256
5143680
5144096
5144516
5144928
5145348
5145772
5146180
5146600
5147024
5147432
5147856
5148272
5148696
5149108
5149524
5149948
5150368
5150784
5151204
5151620
5152036
5152452
5152876
5153296
5153704
5154128
5154536
5154960
5155380
5155796
5156216
5156632
5157056
5157468
5157884
5158308
5158728
5159152
5159564
5159988
5160408
5160816
5161240
5161656
5162080
5162488
5162908
5163328
5163740
5164164
5164580
5164992
5165416
5165832
5166256
5166668
5167084
5167508
5167928
5168344
5168760
5169184
5169596
5170012
5170436
5170856
5171272
5171688
5172108
5172524
5172940
5173364
5173772
5174192
5174616
5175024
5175448
5175868
5176284
5176708
5177120
5177544
5177964
5178388
5178796
5179216
5179640
5180048
5180472
5180892
5181304
5181728
5182144
5182568
5182980
5183396
5183824
5184240
5184656
5185072
5185492
5185916
5186324
5186748
5187168
5187576
5188000
5188420
5188844
5189252
5189676
5190096
5190504
5190928
5191348
5191772
5192184
5192600
5193024
5193436
5193860
5194280
5194696
5195120
5195532
5195956
5196376
5196788
5197212
5197632
5198056
5198472
5198892
5199308
5199728
5200144
5200564
5200988
5201404
5201812
5202240
5202656
5203080
5203488
5203908
5204332
5204740
5205164
5205580
5205992
5206416
5206832
5207256
5207668
5208092
5208508
5208920
5209344
5209764
5210184
5210604
5211012
5211440
5211856
5212280
5212692
5213108
5213536
5213944
5214368
5214788
5215200
5215624
5216040
5216464
5216876
5217300
5217716
5218128
5218552
5218972
5219396
5219812
5220224
5220648
5221068
5221492
5221904
5222324
5222748
5223164
5223580
5224000
5224416
5224832
5225248
5225672
5226092
5226508
5226924
5227344
5227768
5228176
5228600
5229020
5229428
5229856
5230272
5230696
5231108
5231528
5231952
5232372
5232796
5233208
5233624
5234048
5234460
5234884
5235304
5235728
5236136
5236556
5236980
5237392
5237816
5238232
5238652
5239076
5239488
5239912
5240332
5240744
5241168
5241588
5242012
5242432
5242840
5243268
5243684
5244100
5244516
5244940
5245356
5245764
5246188
5246608
5247028
5247440
5247856
5248280
5248688
5249112
5249520
5249936
5250360
5250776
5251192
5251608
5252024
5252440
5252856
5253280
5253696
5254104
5254528
5254944
5255360
5255776
5256200
5256616
5257024
5257448
5257856
5258280
5258696
5259108
5259532
5259948
5260372
5260780
5261200
5261624
5262040
5262464
5262872
5263292
5263716
5264124
5264548
5264964
5265372
5265796
5266212
5266628
5267044
5267468
5267888
5268296
5268720
5269136
5269552
5269972
5270388
5270812
5271224
5271648
5272064
5272472
5272900
5273316
5273740
5274156
5274568
5274992
5275400
5275824
5276240
5276660
5277072
5277492
5277916
5278324
5278748
5279168
5279584
5280012
5280416
5280840
5281256
5281668
5282088
5282504
5282928
5283340
5283756
5284172
5284588
5285012
5285428
5285836
5286260
5286676
5287092
5287508
5287928
5288352
5288760
5289184
5289600
5290020
5290432
5290848
5291272
5291680
5292104
5292520
5292932
5293356
5293772
5294196
5294604
5295024
5295448
5295856
5296280
5296696
5297116
5297540
5297948
5298372
5298792
5299208
5299624
5300040
5300456
5300872
5301296
5301708
5302124
5302548
5302968
5303380
5303800
5304220
5304644
5305052
5305476
5305892
5306312
5306728
5307144
5307568
5307980
5308396
5308824
5309240
5309664
5310072
5310500
5310908
5311328
5311752
5312172
5312596
5313004
5313420
5313844
5314256
5314680
5315096
5315516
5315940
5316348
5316772
5317192
5317604
5318028
5318444
5318868
5319280
5319704
5320120
5320532
5320956
5321372
5321796
5322216
5322628
5323052
5323468
5323896
5324304
5324724
5325148
5325564
5325980
5326396
5326808
5327228
5327648
5328068
5328476
5328892
5329316
5329724
5330148
5330564
5330988
5331408
5331816
5332240
5332656
5333072
5333488
5333904
5334328
5334740
5335164
5335580
5335992
5336416
5336832
5337256
5337664
5338084
5338504
5338916
5339340
5339756
5340180
5340588
5341008
5341432
5341848
5342264
5342684
5343100
5343524
5343936
5344360
5344776
5345188
5345612
5346028
5346452
5346860
5347280
5347700
5348112
5348536
5348952
5349372
5349796
5350204
5350628
5351048
5351460
5351880
5352296
5352720
5353132
5353556
5353972
5354384
5354808
5355224
5355648
5356060
5356476
5356900
5357320
5357736
5358152
5358572
5358996
5359404
5359832
5360248
5360672
5361084
5361500
5361924
5362332
5362756
5363176
5363596
5364012
5364428
5364852
5365272
5365688
5366104
5366524
5366944
5367356
5367772
5368196
5368616
5369040
5369448
5369872
5370284
5370700
5371124
5371544
5371968
5372380
5372796
5373220
5373632
5374056
5374476
5374892
5375320
5375728
5376156
5376572
5376980
5377404
5377820
5378244
5378652
5379068
5379492
5379900
5380324
5380740
5381164
5381576
5381992
5382416
5382832
5383248
5383668
5384084
5384508
5384916
5385340
5385760
5386168
5386592
5387008
5387432
5387844
5388260
5388684
5389092
5389516
5389936
5390360
5390776
5391188
5391612
5392032
5392452
5392864
5393280
5393704
5394112
5394536
5394956
5395376
5395792
5396208
5396632
5397052
5397460
5397884
5398304
5398728
5399140
5399564
5399980
5400400
5400824
5401232
5401660
5402076
5402484
5402908
5403328
5403752
5404160
5404580
5405004
5405412
5405836
5406256
5406676
5407100
5407508
5407932
5408352
5408760
5409184
5409600
5410024
5410432
5410856
5411276
5411692
5412108
5412528
5412948
5413368
5413776
5414200
5414620
5415036
5415452
5415872
5416296
5416704
5417128
5417548
5417964
5418380
5418800
5419224
5419640
5420064
5420476
5420892
5421316
5421728
5422152
5422568
5422980
5423404
5423820
5424248
5424664
5425076
5425500
5425916
5426344
5426760
5427172
5427600
5428016
5428428
5428848
5429272
5429688
5430096
5430520
5430940
5431356
5431772
5432192
5432616
5433036
5433452
5433868
5434288
5434712
5435120
5435544
5435964
5436384
5436800
5437216
5437640
5438052
5438476
5438896
5439312
5439740
5440148
5440572
5440988
5441396
5441820
5442236
5442660
5443080
5443488
5443912
5444328
5444744
5445160
5445580
5446004
5446412
5446836
5447252
5447664
5448088
5448504
5448928
5449336
5449760
5450176
5450588
5451008
5451428
5451852
5452268
5452680
5453104
5453520
5453944
5454352
5454772
5455196
5455604
5456028
5456448
5456856
5457280
5457696
5458120
5458528
5458952
5459372
5459788
5460204
5460620
5461044
5461464
5461872
5462296
5462716
5463140
5463548
5463968
5464392
5464812
5465224
5465644
5466060
5466484
5466896
5467320
5467736
5468156
5468572
5468988
5469412
5469832
5470256
5470668
5471084
5471508
5471920
5472344
5472764
5473172
5473596
5474016
5474440
5474860
5475268
5475692
5476112
5476536
5476944
5477364
5477788
5478208
5478632
5479044
5479464
5479884
5480292
5480716
5481136
5481560
5481980
5482388
5482812
5483232
5483648
5484064
5484484
5484908
5485316
5485740
5486160
5486576
5487000
5487412
5487836
5488256
5488680
5489088
5489508
5489932
5490340
5490764
5491184
5491600
5492024
5492436
5492860
5493276
5493688
5494112
5494528
5494952
5495372
5495780
5496208
5496624
5497048
5497460
5497884
5498304
5498720
5499144
5499556
5499980
5500400
5500808
5501232
5501652
5502076
5502496
5502908
5503332
5503752
5504180
5504596
5505004
5505428
5505848
5506272
5506680
5507104
5507524
5507932
5508356
5508776
5509200
5509620
5510028
5510452
5510872
5511296
5511704
5512124
5512548
5512968
5513392
5513800
5514220
5514644
5515056
5515480
5515900
5516324
5516744
5517152
5517580
5517996
5518424
5518832
5519252
5519676
5520096
5520520
5520928
5521348
5521772
5522192
5522608
5523024
5523444
5523868
5524280
5524704
5525124
5525548
5525956
5526376
5526804
5527220
5527644
5528056
5528476
5528900
5529320
5529744
5530152
5530572
5530996
5531412
5531828
5532248
5532664
5533080
5533500
5533924
5534340
5534768
5535176
5535596
5536020
5536436
5536852
5537268
5537688
5538112
5538520
5538948
5539364
5539784
5540208
5540616
5541040
5541460
5541868
5542296
5542712
5543136
5543548
5543972
5544392
5544808
5545236
5545644
5546068
5546488
5546904
5547328
5547740
5548164
5548584
5549000
5549416
5549836
5550264
5550680
5551092
5551516
5551936
5552360
5552780
5553196
5553616
5554032
5554460
5554868
5555296
5555712
5556132
5556556
5556968
5557392
5557808
5558228
5558644
5559064
5559488
5559908
5560332
5560744
5561164
5561588
5562008
5562432
5562840
5563260
5563684
5564104
5564528
5564940
5565360
5565784
5566204
5566620
5567040
5567460
5567884
5568296
5568720
5569140
5569564
5569980
5570392
5570820
5571236
5571660
5572076
5572488
5572912
5573328
5573752
5574164
5574584
5575008
5575424
5575840
5576260
5576676
5577100
5577512
5577936
5578356
5578780
5579200
5579608
5580032
5580452
5580876
5581288
5581704
5582128
5582548
5582972
5583380
5583800
5584224
5584632
5585056
5585476
5585896
5586312
5586728
5587156
5587572
5588000
5588408
5588828
5589252
5589668
5590092
5590504
5590924
5591348
5591768
5592184
5592604
5593020
5593444
5593856
5594280
5594700
5595116
5595536
5595952
5596380
5596800
5597224
5597640
5598052
5598476
5598896
5599320
5599740
5600152
5600576
5600992
5601416
5601828
5602244
5602668
5603076
5603504
5603920
5604340
5604764
5605172
5605596
5606016
5606440
5606848
5607268
5607692
5608108
5608532
5608940
5609360
5609784
5610196
5610620
5611036
5611456
5611880
5612292
5612716
5613136
5613544
5613968
5614388
5614812
5615228
5615652
5616064
5616480
5616904
5617324
5617740
5618160
5618576
5619000
5619412
5619836
5620256
5620672
5621088
5621508
5621932
5622352
5622768
5623184
5623604
5624028
5624448
5624872
5625280
5625700
5626124
5626544
5626960
5627380
5627796
5628224
5628632
5629060
5629476
5629896
5630320
5630732
5631156
5631576
5631996
5632424
5632832
5633256
5633672
5634096
5634504
5634924
5635348
5635756
5636180
5636596
5637016
5637440
5637848
5638272
5638688
5639100
5639524
5639940
5640364
5640784
5641192
5641616
5642036
5642460
5642868
5643292
5643708
5644128
5644552
5644960
5645384
5645804
5646212
5646636
5647056
5647480
5647888
5648308
5648732
5649148
5649572
5649984
5650400
5650824
5651244
5651660
5652076
5652500
5652920
5653328
5653752
5654168
5654592
5655004
5655420
5655844
5656264
5656680
5657096
5657516
5657940
5658360
5658772
5659192
5659612
5660036
5660444
5660868
5661284
5661708
5662120
5662536
5662964
5663372
5663796
5664216
5664632
5665056
5665468
5665888
5666308
5666724
5667148
5667560
5667984
5668404
5668820
5669236
5669656
5670080
5670496
5670908
5671332
5671752
5672176
5672584
5673008
5673428
5673844
5674268
5674680
5675104
5675524
5675940
5676364
5676776
5677200
5677620
5678028
5678456
5678872
5679300
5679716
5680144
5680552
5680972
5681396
5681804
5682228
5682648
5683068
5683492
5683908
5684324
5684744
5685160
5685584
5685996
5686420
5686836
5687256
5687672
5688092
5688516
5688932
5689348
5689768
5690184
5690612
5691028
5691452
5691864
5692284
5692708
5693128
5693544
5693964
5694380
5694804
5695216
5695640
5696060
5696476
5696892
5697308
5697732
5698152
5698576
5698984
5699404
5699828
5700244
5700660
5701080
5701500
5701924
5702340
5702768
5703176
5703596
5704024
5704432
5704856
5705276
5705692
5706116
5706528
5706952
5707372
5707796
5708208
5708628
5709052
5709472
5709896
5710316
5710724
5711152
5711568
5711996
5712408
5712824
5713248
5713668
5714096
5714504
5714924
5715348
5715768
5716184
5716600
5717028
5717444
5717864
5718288
5718700
5719124
5719544
5719964
5720392
5720800
5721224
5721644
5722064
5722488
5722900
5723324
5723744
5724152
5724580
5725000
5725424
5725844
5726268
5726688
5727100
5727524
5727944
5728372
5728788
5729200
5729624
5730044
5730468
5730888
5731300
5731724
5732144
5732568
5732980
5733408
5733828
5734248
5734672
5735092
5735512
5735924
5736340
5736764
5737176
5737600
5738016
5738432
5738856
5739268
5739692
5740108
5740520
5740944
5741360
5741784
5742204
5742620
5743036
5743456
5743880
5744292
5744716
5745132
5745552
5745976
5746384
5746808
5747228
5747636
5748060
5748480
5748904
5749320
5749732
5750156
5750576
5751000
5751420
5751836
5752256
5752672
5753096
5753516
5753944
5754352
5754772
5755196
5755608
5756032
5756452
5756872
5757296
5757704
5758128
5758548
5758968
5759392
5759804
5760232
5760648
5761068
5761484
5761896
5762316
5762736
5763160
5763568
5763984
5764408
5764828
5765240
5765660
5766076
5766492
5766908
5767332
5767748
5768160
5768580
5769000
5769424
5769840
5770256
5770672
5771092
5771516
5771924
5772352
5772768
5773188
5773604
5774020
5774444
5774864
5775272
5775696
5776116
5776540
5776956
5777364
5777788
5778208
5778632
5779040
5779464
5779880
5780300
5780716
5781132
5781556
5781976
5782384
5782812
5783228
5783652
5784072
5784480
5784904
5785324
5785748
5786164
5786572
5786996
5787416
5787840
5788248
5788664
5789088
5789508
5789924
5790340
5790768
5791184
5791596
5792020
5792436
5792860
5793280
5793688
5794112
5794528
5794952
5795364
5795780
5796208
5796624
5797048
5797460
5797876
5798300
5798720
5799136
5799552
5799980
5800396
5800808
5801232
5801648
5802072
5802488
5802900
5803324
5803744
5804168
5804584
5804996
5805420
5805836
5806264
5806672
5807092
5807516
5807936
5808360
5808768
5809192
5809612
5810032
5810448
5810864
5811292
5811708
5812128
5812552
5812960
5813384
5813804
5814224
5814640
5815056
5815484
5815900
5816328
5816736
5817156
5817580
5817996
5818412
5818832
5819252
5819676
5820092
5820516
5820928
5821344
5821772
5822188
5822604
5823024
5823444
5823868
5824288
5824704
5825120
5825544
5825956
5826372
5826800
5827216
5827640
5828056
5828468
5828892
5829308
5829736
5830144
5830564
5830988
5831408
5831832
5832244
5832660
5833084
5833504
5833920
5834340
5834764
5835184
5835604
5836028
5836440
5836864
5837280
5837700
5838116
5838532
5838956
5839376
5839792
5840212
5840628
5841052
5841468
5841880
5842304
5842720
5843144
5843556
5843980
5844400
5844816
5845240
5845652
5846076
5846492
5846912
5847336
5847748
5848172
5848588
5849008
5849424
5849844
5850268
5850684
5851096
5851520
5851936
5852364
5852780
5853200
5853616
5854036
5854460
5854880
5855304
5855716
5856136
5856560
5856976
5857400
5857812
5858228
5858656
5859072
5859488
5859908
5860324
5860748
5861160
5861584
5862004
5862428
5862848
5863256
5863680
5864100
5864524
5864940
5865352
5865776
5866196
5866620
5867040
5867448
5867872
5868292
5868716
5869128
5869548
5869972
5870392
5870816
5871228
5871652
5872072
5872488
5872916
5873332
5873752
5874168
5874588
5875012
5875432
5875852
5876268
5876688
5877112
5877524
5877952
5878368
5878796
5879216
5879632
5880060
5880468
5880892
5881312
5881732
5882148
5882568
5882992
5883412
5883832
5884248
5884668
5885092
5885512
5885924
5886348
5886768
5887196
5887616
5888040
5888456
5888868
5889292
5889708
5890132
5890544
5890960
5891384
5891804
5892228
5892640
5893056
5893480
5893892
5894316
5894736
5895156
5895580
5896000
5896424
5896832
5897260
5897676
5898096
5898520
5898932
5899356
5899772
5900192
5900608
5901024
5901448
5901860
5902276
5902700
5903120
5903544
5903952
5904372
5904796
5905216
5905640
5906048
5906472
5906892
5907308
5907732
5908144
5908568
5908988
5909404
5909820
5910240
5910664
5911084
5911492
5911916
5912336
5912760
5913180
5913592
5914016
5914436
5914860
5915280
5915704
5916112
5916532
5916956
5917376
5917800
5918212
5918632
5919056
5919476
5919900
5920312
5920732
5921152
5921572
5921988
5922408
5922832
5923248
5923664
5924092
5924500
5924924
5925340
5925752
5926176
5926596
5927020
5927440
5927848
5928272
5928692
5929116
5929524
5929944
5930368
5930788
5931212
5931632
5932048
5932464
5932884
5933308
5933720
5934144
5934564
5934980
5935404
5935816
5936240
5936660
5937080
5937496
5937916
5938340
5938760
5939180
5939604
5940012
5940436
5940856
5941280
5941696
5942104
5942528
5942948
5943372
5943780
5944200
5944624
5945032
5945460
5945876
5946296
5946720
5947136
5947552
5947972
5948392
5948816
5949224
5949652
5950068
5950492
5950912
5951332
5951748
5952168
5952588
5953000
5953416
5953840
5954260
5954684
5955092
5955512
5955936
5956356
5956780
5957192
5957608
5958036
5958452
5958876
5959288
5959712
5960132
5960548
5960964
5961380
5961808
5962224
5962636
5963060
5963480
5963904
5964320
5964732
5965156
5965576
5966000
5966420
5966828
5967252
5967672
5968096
5968512
5968932
5969348
5969768
5970192
5970612
5971028
5971444
5971864
5972288
5972700
5973124
5973544
5973960
5974388
5974800
5975224
5975640
5976060
5976484
5976896
5977320
5977740
5978164
5978584
5978996
5979420
5979840
5980264
5980672
5981092
5981516
5981936
5982360
5982780
5983192
5983616
5984036
5984460
5984876
5985292
5985712
5986128
5986556
5986964
5987388
5987808
5988228
5988652
5989064
5989488
5989908
5990328
5990752
5991164
5991588
5992008
5992424
5992848
5993260
5993684
5994100
5994528
5994944
5995356
5995780
5996200
5996624
5997036
5997456
5997880
5998300
5998724
5999144
5999556
5999980
6000400
6000824
6001244
6001652
6002076
6002496
6002920
6003340
6003756
6004172
6004592
6005016
6005428
6005852
6006268
6006688
6007112
6007524
6007948
6008368
6008784
6009212
6009620
6010044
6010464
6010888
6011308
6011716
6012144
6012564
6012988
6013400
6013816
6014244
6014664
6015088
6015508
6015920
6016344
6016764
6017188
6017608
6018016
6018440
6018860
6019284
6019700
6020128
6020536
6020956
6021380
6021792
6022216
6022632
6023052
6023476
6023888
6024312
6024728
6025148
6025572
6025984
6026408
6026828
6027244
6027672
6028080
6028504
6028924
6029348
6029760
6030176
6030604
6031020
6031448
6031856
6032276
6032700
6033120
6033544
6033956
6034376
6034800
6035220
6035644
6036064
6036472
6036900
6037320
6037744
6038156
6038580
6039000
6039420
6039844
6040264
6040684
6041100
6041520
6041948
6042364
6042780
6043200
6043620
6044044
6044460
6044884
6045296
6045720
6046140
6046548
6046976
6047392
6047820
6048240
6048648
6049072
6049492
6049916
6050336
6050744
6051172
6051592
6052016
6052436
6052852
6053276
6053688
6054112
6054532
6054960
6055368
6055788
6056212
6056632
6057056
6057468
6057888
6058312
6058732
6059156
6059568
6059988
6060416
6060832
6061260
6061680
6062104
6062512
6062932
6063356
6063776
6064192
