5305712,1
5315716,2
5322864,3
5328556,4
5333300,5
5337596,6
5341444,7
5344996,8
5348284,9
5351372,10
5354320,11
5357128,12
5359824,13
5362412,14
5364872,15
5367224,16
5369500,17
5371692,18
5373804,19
5375820,20
5377876,21
5379824,22
5381696,23
5383540,24
5385352,25
5387120,26
5388844,27
5390528,28
5392168,29
5393776,30
5395372,31
5396932,32
5398448,33
5399956,34
5401412,35
5402840,36
5404268,37
5405660,38
5407032,39
5408376,40
5409700,41
5410996,42
5412272,43
5413536,44
5414792,45
5416016,46
5417252,47
5418456,48
5419652,49
5420824,50
5421980,51
5423116,52
5424240,53
5425364,54
5426464,55
5427556,56
5428632,57
5429712,58
5430776,59
5431820,60
5432860,61
5433888,62
5434900,63
5435908,64
5436896,65
5437868,66
5438844,67
5439796,68
5440760,69
5441716,70
5442652,71
5443596,72
5444524,73
5445440,74
5446356,75
5447260,76
5448156,77
5449020,78
5449932,79
5450816,80
5451680,81
5452548,82
5453412,83
5454260,84
5455100,85
5455936,86
5456756,87
5457592,88
5458412,89
5459224,90
5460036,91
5460848,92
5461652,93
5462448,94
5463236,95
5464020,96
5464812,97
5465556,98
5466372,99
5467132,100
5467896,101
5468648,102
5469404,103
5470160,104
5470908,105
5471664,106
5472404,107
5473144,108
5473872,109
5474600,110
5475324,111
5476044,112
5476756,113
5477468,114
5478180,115
5478884,116
5479588,117
5480288,118
5480980,119
5481652,120
5482360,121
5483052,122
5483728,123
5484400,124
5485076,125
5485748,126
5486420,127
5487092,128
5487756,129
5488420,130
5489088,131
5489744,132
5490396,133
5491056,134
5491700,135
5492336,136
5492984,137
5493620,138
5494256,139
5494884,140
5495520,141
5496152,142
5496776,143
5497400,144
5498024,145
5498640,146
5499264,147
5499884,148
5500500,149
5501116,150
5501724,151
5502328,152
5502928,153
5503532,154
5504128,155
5504728,156
5505320,157
5505920,158
5506512,159
5507100,160
5507688,161
5508272,162
5508852,163
5509432,164
5510008,165
5510580,166
5511152,167
5511716,168
5512288,169
5512856,170
5513412,171
5513976,172
5514540,173
5515096,174
5515660,175
5516220,176
5516776,177
5517312,178
5517880,179
5518432,180
5518980,181
5519524,182
5520072,183
5520616,184
5521152,185
5521688,186
5522216,187
5522756,188
5523288,189
5523820,190
5524352,191
5524884,192
5525416,193
5525944,194
5526468,195
5526988,196
5527512,197
5528020,198
5528556,199
5529064,200
5529584,201
5530092,202
5530608,203
5531128,204
5531636,205
5532156,206
5532664,207
5533172,208
5533676,209
5534180,210
5534680,211
5535188,212
5535684,213
5536192,214
5536688,215
5537192,216
5537692,217
5538196,218
5538696,219
5539200,220
5539696,221
5540204,222
5540700,223
5541204,224
5541704,225
5542208,227
5542708,228
5543212,229
5543712,230
5544216,231
5544716,232
5545220,233
5545720,234
5546224,235
5546724,236
5547228,237
5547728,238
5548232,239
5548740,240
5549244,241
5549744,242
5550248,244
5550748,245
5551252,246
5551752,247
5552260,248
5552756,249
5553260,250
5553760,251
5554272,252
5554772,253
5555280,254
5555776,256
5556280,257
5556780,258
5557284,259
5557784,260
5558288,261
5558796,262
5559300,263
5559800,265
5560300,266
5560808,267
5561304,268
5561812,269
5562308,270
5562820,271
5563320,273
5563828,274
5564328,275
5564832,276
5565332,277
5565844,278
5566344,280
5566848,281
5567348,282
5567856,283
5568356,284
5568868,285
5569368,287
5569872,288
5570372,289
5570876,290
5571384,291
5571888,293
5572384,294
5572888,295
5573388,296
5573900,298
5574400,299
5574904,300
5575400,301
5575912,302
5576412,304
5576920,305
5577416,306
5577924,307
5578428,308
5578932,310
5579432,311
5579940,312
5580448,313
5580952,315
5581452,316
5581956,317
5582464,318
5582968,320
5583464,321
5583972,322
5584476,323
5584980,325
5585480,326
5585984,327
5586488,329
5586992,330
5587492,331
5588004,332
5588504,334
5589008,335
5589504,336
5590012,338
5590516,339
5591016,340
5591528,342
5592028,343
5592532,344
5593040,345
5593544,347
5594044,348
5594548,349
5595056,351
5595560,352
5596060,353
5596572,355
5597072,356
5597576,357
5598084,359
5598588,360
5599088,361
5599600,363
5600100,364
5600612,365
5601112,367
5601616,368
5602120,370
5602624,371
5603124,372
5603636,374
5604132,375
5604636,376
5605144,378
5605648,379
5606152,381
5606660,382
5607156,383
5607668,385
5608168,386
5608680,387
5609176,389
5609684,390
5610188,392
5610692,393
5611200,395
5611704,396
5612204,397
5612716,399
5613212,400
5613724,402
5614224,403
5614736,404
5615232,406
5615736,407
5616244,409
5616748,410
5617252,412
5617756,413
5618264,415
5618768,416
5619272,417
5619780,419
5620276,420
5620788,422
5621288,423
5621800,425
5622296,426
5622808,428
5623308,429
5623820,431
5624320,432
5624824,434
5625328,435
5625836,437
5626340,438
5626848,440
5627352,441
5627860,443
5628364,444
5628868,446
5629376,447
5629880,449
5630388,450
5630896,452
5631400,453
5631908,455
5632416,456
5632916,458
5633420,459
5633928,461
5634432,462
5634936,464
5635440,465
5635944,467
5636456,469
5636952,470
5637464,472
5637964,473
5638476,475
5638972,476
5639484,478
5639984,480
5640496,481
5641000,483
5641504,484
5642008,486
5642512,487
5643016,489
5643528,491
5644024,492
5644536,494
5645036,495
5645548,497
5646052,499
5646556,500
5647060,502
5647568,503
5648072,505
5648584,507
5649080,508
5649592,510
5650092,511
5650604,513
5651108,515
5651616,516
5652120,518
5652632,520
5653132,521
5653640,523
5654140,525
5654652,526
5655156,528
5655660,530
5656168,531
5656680,533
5657176,534
5657688,536
5658192,538
5658700,539
5659204,541
5659716,543
5660216,544
5660724,546
5661232,548
5661736,550
5662244,551
5662756,553
5663252,555
5663764,556
5664272,558
5664784,560
5665280,561
5665784,563
5666296,565
5666796,567
5667308,568
5667812,570
5668324,572
5668824,573
5669336,575
5669840,577
5670352,579
5670852,580
5671364,582
5671872,584
5672376,586
5672884,587
5673396,589
5673900,591
5674412,593
5674912,594
5675424,596
5675928,598
5676444,600
5676940,602
5677452,603
5677960,605
5678472,607
5678972,609
5679484,610
5679992,612
5680504,614
5681008,616
5681516,618
5682020,619
5682532,621
5683040,623
5683552,625
5684052,627
5684564,628
5685068,630
5685580,632
5686088,634
5686600,636
5687096,638
5687608,639
5688116,641
5688628,643
5689132,645
5689644,647
5690140,649
5690652,650
5691160,652
5691672,654
5692176,656
5692688,658
5693188,660
5693700,661
5694208,663
5694716,665
5695224,667
5695736,669
5696244,671
5696752,673
5697252,675
5697764,677
5698268,678
5698780,680
5699284,682
5699796,684
5700300,686
5700812,688
5701316,690
5701828,692
5702328,694
5702840,696
5703348,698
5703860,699
5704364,701
5704876,703
5705384,705
5705896,707
5706404,709
5706912,711
5707420,713
5707932,715
5708440,717
5708952,719
5709460,721
5709964,723
5710472,725
5710984,727
5711488,729
5712000,731
5712508,733
5713020,735
5713524,737
5714040,739
5714544,740
5715056,742
5715564,744
5716076,746
5716580,748
5717096,750
5717600,752
5718112,754
5718620,756
5719132,758
5719640,760
5720152,762
5720660,764
5721172,767
5721680,769
5722192,771
5722700,773
5723212,775
5723716,777
5724232,779
5724736,781
5725252,783
5725764,785
5726276,787
5726784,789
5727296,791
5727804,793
5728320,795
5728824,797
5729336,799
5729844,801
5730356,803
5730864,806
5731376,808
5731880,810
5732392,812
5732900,814
5733420,816
5733928,818
5734440,820
5734944,822
5735456,824
5735960,826
5736472,829
5736976,831
5737488,833
5737992,835
5738508,837
5739016,839
5739528,841
5740032,843
5740536,845
5741048,848
5741552,850
5742064,852
5742576,854
5743088,856
5743592,858
5744108,860
5744612,863
5745124,865
5745628,867
5746148,869
5746652,871
5747164,873
5747672,876
5748184,878
5748688,880
5749204,882
5749712,884
5750224,886
5750728,889
5751240,891
5751752,893
5752264,895
5752772,898
5753284,900
5753788,902
5754308,904
5754816,906
5755328,908
5755832,911
5756348,913
5756860,915
5757372,917
5757880,920
5758392,922
5758904,924
5759416,926
5759924,929
5760440,931
5760948,933
5761460,935
5761964,938
5762476,940
5762988,942
5763496,944
5764004,947
5764512,949
5765024,951
5765536,953
5766044,956
5766552,958
5767064,960
5767576,962
5768080,965
5768600,967
5769104,969
5769612,972
5770120,974
5770636,976
5771140,979
5771652,981
5772164,983
5772676,986
5773184,988
5773700,990
5774204,993
5774716,995
5775232,997
5775744,1000
5776292,1002
5776852,1005
5777408,1007
5777960,1010
5778520,1012
5779072,1015
5779632,1017
5780180,1020
5780744,1023
5781296,1025
5781852,1028
5782408,1030
5782964,1033
5783520,1035
5784072,1038
5784636,1041
5785192,1043
5785748,1046
5786300,1048
5786856,1051
5787412,1054
5787972,1056
5788520,1059
5789084,1061
5789632,1064
5790192,1067
5790756,1069
5791304,1072
5791868,1075
5792424,1077
5792976,1080
5793532,1083
5794096,1085
5794644,1088
5795204,1091
5795760,1093
5796316,1096
5796876,1099
5797432,1101
5797988,1104
5798544,1107
5799108,1109
5799656,1112
5800220,1115
5800776,1118
5801340,1120
5801888,1123
5802448,1126
5803004,1128
5803560,1131
5804120,1134
5804676,1137
5805240,1139
5805788,1142
5806352,1145
5806908,1148
5807468,1150
5808020,1153
5808580,1156
5809136,1158
5809700,1161
5810256,1164
5810812,1167
5811372,1170
5811928,1172
5812484,1175
5813040,1178
5813604,1181
5814160,1184
5814720,1186
5815272,1189
5815836,1192
5816400,1195
5816952,1198
5817516,1200
5818072,1203
5818628,1206
5819184,1209
5819744,1212
5820304,1215
5820864,1217
5821412,1220
5821976,1223
5822540,1226
5823096,1229
5823660,1232
5824216,1234
5824776,1237
5825328,1240
5825888,1243
5826444,1246
5827004,1249
5827560,1252
5828124,1254
5828684,1257
5829236,1260
5829796,1263
5830352,1266
5830916,1269
5831472,1272
5832036,1275
5832592,1278
5833156,1281
5833712,1284
5834276,1286
5834836,1289
5835392,1292
5835948,1295
5836504,1298
5837068,1301
5837620,1304
5838184,1307
5838740,1310
5839300,1313
5839856,1316
5840420,1319
5840980,1322
5841536,1325
5842096,1328
5842652,1331
5843212,1334
5843768,1337
5844328,1340
5844884,1343
5845444,1346
5846000,1349
5846564,1352
5847124,1355
5847680,1358
5848244,1361
5848796,1364
5849360,1367
5849916,1370
5850476,1373
5851032,1376
5851596,1379
5852152,1382
5852716,1385
5853280,1388
5853836,1391
5854396,1394
5854956,1397
5855516,1400
5856076,1403
5856636,1406
5857192,1409
5857764,1412
5858324,1415
5858880,1419
5859440,1422
5859996,1425
5860560,1428
5861116,1431
5861680,1434
5862236,1437
5862800,1440
5863356,1443
5863924,1446
5864484,1449
5865040,1453
5865604,1456
5866156,1459
5866720,1462
5867276,1465
5867840,1468
5868396,1471
5868964,1475
5869520,1478
5870080,1481
5870644,1484
5871200,1487
5871764,1490
5872328,1494
5872888,1497
5873444,1500
5874008,1503
5874564,1506
5875128,1509
5875692,1513
5876256,1516
5876816,1519
5877372,1522
5877944,1526
5878500,1529
5879064,1532
5879620,1535
5880184,1538
5880748,1542
5881308,1545
5881872,1548
5882428,1551
5883000,1555
5883556,1558
5884120,1561
5884676,1564
5885248,1568
5885804,1571
5886368,1574
5886924,1577
5887496,1581
5888060,1584
5888616,1587
5889184,1591
5889740,1594
5890304,1597
5890860,1600
5891428,1604
5891984,1607
5892544,1610
5893108,1614
5893668,1617
5894232,1620
5894796,1624
5895356,1627
5895912,1630
5896484,1634
5897040,1637
5897600,1640
5898156,1644
5898724,1647
5899284,1650
5899840,1654
5900408,1657
5900964,1660
5901532,1664
5902088,1667
5902648,1670
5903208,1674
5903772,1677
5904328,1680
5904896,1684
5905456,1687
5906016,1691
5906580,1694
5907136,1697
5907704,1701
5908260,1704
5908828,1708
5909384,1711
5909944,1714
5910508,1718
5911072,1721
5911640,1725
5912196,1728
5912760,1732
5913320,1735
5913884,1738
5914448,1742
5915008,1745
5915572,1749
5916136,1752
5916704,1756
5917260,1759
5917824,1763
5918388,1766
5918952,1770
5919512,1773
5920076,1777
5920636,1780
5921200,1784
5921760,1787
5922324,1791
5922892,1794
5923448,1798
5924016,1801
5924568,1805
5925136,1808
5925692,1812
5926264,1815
5926820,1819
5927388,1822
5927956,1826
5928512,1829
5929080,1833
5929636,1836
5930204,1840
5930760,1844
5931332,1847
5931888,1851
5932456,1854
5933020,1858
5933580,1861
5934152,1865
5934708,1869
5935276,1872
5935840,1876
5936404,1879
5936968,1883
5937528,1887
5938092,1890
5938664,1894
5939224,1898
5939788,1901
5940356,1905
5940912,1908
5941480,1912
5942036,1916
5942604,1919
5943168,1923
5943728,1927
5944292,1930
5944860,1934
5945424,1938
5945984,1941
5946552,1945
5947108,1949
5947680,1952
5948240,1956
5948804,1960
5949364,1963
5949932,1967
5950504,1971
5951060,1975
5951628,1978
5952192,1982
5952752,1986
5953316,1990
5953884,1993
5954448,1997
5955008,2001
5955572,2004
5956140,2008
5956708,2012
5957264,2016
5957832,2019
5958396,2023
5958968,2027
5959524,2031
5960092,2034
5960652,2038
5961220,2042
5961784,2046
5962344,2049
5962916,2053
5963476,2057
5964048,2061
5964604,2065
5965172,2068
5965736,2072
5966304,2076
5966872,2080
5967428,2084
5967996,2088
5968560,2091
5969128,2095
5969692,2099
5970260,2103
5970816,2107
5971384,2111
5971948,2114
5972520,2118
5973088,2122
5973652,2126
5974212,2130
5974776,2134
5975348,2137
5975912,2141
5976480,2145
5977044,2149
5977612,2153
5978176,2157
5978740,2161
5979308,2165
5979872,2168
5980444,2172
5981004,2176
5981576,2180
5982136,2184
5982708,2188
5983272,2192
5983836,2196
5984404,2200
5984968,2204
5985536,2208
5986100,2211
5986668,2215
5987232,2219
5987800,2223
5988372,2227
5988936,2231
5989504,2235
5990068,2239
5990640,2243
5991196,2247
5991764,2251
5992328,2255
5992896,2259
5993460,2263
5994028,2267
5994596,2271
5995160,2275
5995732,2279
5996296,2283
5996864,2287
5997428,2291
5997996,2295
5998560,2299
5999132,2303
5999700,2307
6000264,2311
6000836,2315
6001396,2319
6001968,2323
6002528,2327
6003100,2331
6003664,2335
6004232,2339
6004800,2343
6005364,2347
6005932,2351
6006496,2355
6007064,2359
6007628,2363
6008200,2367
6008768,2371
6009340,2375
6009908,2379
6010472,2383
6011044,2387
6011608,2391
6012176,2395
6012740,2400
6013308,2404
6013872,2408
6014444,2412
6015012,2416
6015576,2420
6016156,2424
6016716,2428
6017284,2432
6017848,2436
6018416,2440
6018980,2445
6019548,2449
6020116,2453
6020680,2457
6021252,2461
6021820,2465
6022388,2469
6022952,2473
6023520,2478
6024084,2482
6024652,2486
6025220,2490
6025792,2494
6026360,2498
6026924,2503
6027492,2507
6028056,2511
6028628,2515
6029196,2519
6029768,2523
6030332,2528
6030900,2532
6031472,2536
6032040,2540
6032612,2544
6033176,2549
6033744,2553
6034308,2557
6034880,2561
6035448,2565
6036016,2570
6036588,2574
6037148,2578
6037724,2582
6038288,2586
6038860,2591
6039420,2595
6040000,2599
6040560,2603
6041132,2608
6041700,2612
6042268,2616
6042836,2620
6043400,2625
6043968,2629
6044540,2633
6045108,2637
6045672,2642
6046240,2646
6046816,2650
6047376,2655
6047948,2659
6048512,2663
6049088,2667
6049648,2672
6050216,2676
6050788,2680
6051356,2685
6051928,2689
6052496,2693
6053064,2698
6053628,2702
6054204,2706
6054768,2711
6055340,2715
6055908,2719
6056480,2724
6057048,2728
6057620,2732
6058188,2737
6058752,2741
6059328,2745
6059892,2750
6060464,2754
6061032,2758
6061604,2763
6062172,2767
6062744,2772
6063312,2776
6063884,2780
6064452,2785
6065016,2789
6065592,2794
6066156,2798
6066732,2802
6067300,2807
6067864,2811
6068440,2816
6069004,2820
6069576,2824
6070140,2829
6070712,2833
6071284,2838
6071852,2842
6072428,2846
6072992,2851
6073568,2855
6074132,2860
6074700,2864
6075272,2869
6075844,2873
6076412,2878
6076984,2882
6077560,2887
6078124,2891
6078700,2896
6079264,2900
6079840,2904
6080404,2909
6080980,2913
6081548,2918
6082116,2922
6082688,2927
6083256,2931
6083824,2936
6084392,2940
6084964,2945
6085532,2949
6086100,2954
6086676,2958
6087240,2963
6087816,2967
6088380,2972
6088956,2976
6089520,2981
6090096,2986
6090660,2990
6091236,2995
6091804,2999
6092376,3004
6092952,3008
6093516,3013
6094092,3017
6094656,3022
6095232,3027
6095796,3031
6096372,3036
6096948,3040
6097512,3045
6098088,3049
6098652,3054
6099228,3059
6099788,3063
6100364,3068
6100936,3072
6101508,3077
6102084,3082
6102648,3086
6103224,3091
6103796,3096
6104364,3100
6104936,3105
6105512,3110
6106076,3114
6106656,3119
6107232,3123
6107796,3128
6108372,3133
6108944,3137
6109512,3142
6110084,3147
6110660,3151
6111224,3156
6111804,3161
6112380,3165
6112944,3170
6113524,3175
6114096,3180
6114664,3184
6115236,3189
6115812,3194
6116384,3198
6116956,3203
6117532,3208
6118104,3213
6118672,3217
6119244,3222
6119816,3227
6120380,3231
6120956,3236
6121536,3241
6122104,3245
6122676,3250
6123244,3255
6123820,3260
6124384,3264
6124960,3269
6125528,3274
6126108,3279
6126684,3283
6127244,3288
6127824,3293
6128392,3298
6128968,3303
6129532,3307
6130108,3312
6130680,3317
6131256,3322
6131832,3326
6132400,3331
6132976,3336
6133544,3341
6134124,3346
6134688,3350
6135264,3355
6135840,3360
6136412,3365
6136988,3370
6137560,3375
6138132,3379
6138700,3384
6139280,3389
6139852,3394
6140428,3399
6141004,3404
6141576,3409
6142148,3413
6142720,3418
6143296,3423
6143868,3428
6144448,3433
6145016,3438
6145588,3443
6146160,3447
6146728,3452
6147300,3457
6147868,3462
6148444,3467
6149012,3472
6149588,3477
6150164,3482
6150728,3486
6151300,3491
6151872,3496
6152448,3501
6153016,3506
6153592,3511
6154164,3516
6154740,3521
6155316,3526
6155884,3531
6156460,3536
6157024,3540
6157600,3545
6158168,3550
6158744,3555
6159312,3560
6159888,3565
6160464,3570
6161032,3575
6161608,3580
6162180,3585
6162756,3590
6163324,3595
6163900,3600
6164468,3605
6165044,3610
6165620,3615
6166188,3620
6166764,3625
6167332,3630
6167908,3635
6168480,3640
6169056,3645
6169632,3650
6170200,3655
6170776,3660
6171344,3665
6171920,3670
6172492,3675
6173068,3680
6173636,3685
6174212,3690
6174788,3695
6175356,3700
6175936,3705
6176504,3710
6177080,3715
6177652,3720
6178228,3725
6178796,3730
6179372,3735
6179948,3740
6180520,3745
6181096,3750
6181664,3755
6182244,3760
6182812,3766
6183396,3771
6183972,3776
6184544,3781
6185120,3786
6185688,3791
6186264,3796
6186832,3801
6187412,3806
6187980,3812
6188556,3817
6189140,3822
6189712,3827
6190288,3832
6190860,3837
6191436,3842
6192004,3847
6192580,3852
6193156,3858
6193732,3863
6194312,3868
6194880,3873
6195456,3878
6196028,3883
6196600,3888
6197172,3894
6197752,3899
6198332,3904
6198900,3909
6199476,3914
6200048,3920
6200632,3925
6201200,3930
6201776,3935
6202344,3940
6202924,3945
6203500,3951
6204076,3956
6204652,3961
6205224,3966
6205800,3971
6206372,3977
6206952,3982
6207532,3987
6208100,3992
6208676,3998
6209252,4003
6209828,4008
6210400,4013
6210972,4019
6211544,4024
6212124,4029
6212700,4034
6213272,4039
6213848,4045
6214424,4050
6215000,4055
6215568,4060
6216148,4066
6216728,4071
6217300,4076
6217876,4082
6218452,4087
6219028,4092
6219600,4097
6220176,4103
6220752,4108
6221328,4113
6221904,4119
6222484,4124
6223060,4129
6223628,4135
6224212,4140
6224784,4145
6225360,4150
6225944,4156
6226512,4161
6227088,4166
6227656,4172
6228240,4177
6228808,4182
6229384,4188
6229960,4193
6230536,4198
6231120,4204
6231688,4209
6232264,4214
6232840,4220
6233416,4225
6233988,4231
6234572,4236
6235148,4241
6235716,4247
6236300,4252
6236872,4257
6237448,4263
6238024,4268
6238600,4274
6239176,4279
6239752,4284
6240336,4290
6240908,4295
6241484,4301
6242060,4306
6242636,4311
6243204,4317
6243788,4322
6244364,4328
6244940,4333
6245516,4339
6246096,4344
6246672,4349
6247240,4355
6247820,4360
6248392,4366
6248972,4371
6249548,4376
6250124,4382
6250700,4387
6251276,4393
6251856,4398
6252424,4404
6253008,4409
6253584,4415
6254160,4420
6254736,4426
6255312,4431
6255888,4437
6256468,4442
6257044,4448
6257620,4453
6258196,4458
6258776,4464
6259348,4470
6259932,4475
6260500,4481
6261084,4486
6261652,4492
6262236,4497
6262812,4503
6263388,4508
6263964,4514
6264544,4519
6265120,4525
6265696,4530
6266272,4536
6266848,4541
6267424,4547
6268008,4552
6268580,4558
6269160,4563
6269740,4569
6270316,4575
6270892,4580
6271468,4586
6272052,4591
6272620,4597
6273204,4602
6273780,4608
6274356,4614
6274932,4619
6275508,4625
6276088,4630
6276664,4636
6277244,4641
6277820,4647
6278396,4653
6278976,4658
6279552,4664
6280128,4669
6280712,4675
6281288,4681
6281864,4686
6282448,4692
6283016,4698
6283600,4703
6284168,4709
6284752,4714
6285336,4720
6285908,4726
6286492,4731
6287068,4737
6287644,4743
6288224,4748
6288800,4754
6289376,4760
6289956,4765
6290536,4771
6291112,4777
6291696,4782
6292268,4788
6292852,4794
6293428,4799
6294012,4805
6294588,4811
6295164,4816
6295748,4822
6296320,4828
6296904,4833
6297480,4839
6298056,4845
6298640,4851
6299216,4856
6299792,4862
6300368,4868
6300952,4873
6301528,4879
6302104,4885
6302684,4891
6303268,4896
6303852,4902
6304420,4908
6305004,4914
6305580,4919
6306164,4925
6306736,4931
6307320,4937
6307904,4942
6308480,4948
6309056,4954
6309636,4960
6310216,4965
6310796,4971
6311372,4977
6311956,4983
6312532,4988
6313116,4994
6313688,5000
6314268,5006
6314848,5012
6315432,5017
6316008,5023
6316588,5029
6317172,5035
6317748,5041
6318332,5046
6318912,5052
6319488,5058
6320068,5064
6320648,5070
6321232,5076
6321812,5081
6322396,5087
6322968,5093
6323552,5099
6324128,5105
6324712,5111
6325296,5116
6325876,5122
6326456,5128
6327028,5134
6327612,5140
6328188,5146
6328772,5151
6329356,5157
6329932,5163
6330508,5169
6331084,5175
6331668,5181
6332248,5187
6332828,5193
6333408,5199
6333992,5204
6334576,5210
6335152,5216
6335736,5222
6336308,5228
6336892,5234
6337468,5240
6338052,5246
6338632,5252
6339212,5257
6339792,5263
6340372,5269
6340956,5275
6341532,5281
6342108,5287
6342692,5293
6343268,5299
6343852,5305
6344432,5311
6345016,5317
6345592,5323
6346176,5329
6346760,5335
6347340,5341
6347924,5347
6348500,5353
6349088,5358
6349664,5364
6350244,5370
6350824,5376
6351404,5382
6351988,5388
6352568,5394
6353148,5400
6353728,5406
6354312,5412
6354888,5418
6355472,5424
6356056,5430
6356632,5436
6357216,5442
6357792,5448
6358376,5454
6358956,5460
6359540,5466
6360124,5472
6360700,5478
6361284,5484
6361860,5490
6362444,5496
6363020,5503
6363604,5509
6364188,5515
6364764,5521
6365348,5527
6365928,5533
6366512,5539
6367088,5545
6367672,5551
6368252,5557
6368836,5563
6369420,5569
6369996,5575
6370580,5581
6371160,5587
6371748,5593
6372328,5599
6372912,5605
6373496,5612
6374072,5618
6374660,5624
6375236,5630
6375820,5636
6376396,5642
6376980,5648
6377564,5654
6378140,5660
6378732,5666
6379312,5673
6379896,5679
6380472,5685
6381056,5691
6381640,5697
6382220,5703
6382804,5709
6383388,5715
6383972,5722
6384552,5728
6385136,5734
6385720,5740
6386300,5746
6386884,5752
6387468,5758
6388052,5764
6388632,5771
6389216,5777
6389800,5783
6390376,5789
6390968,5795
6391544,5802
6392128,5808
6392708,5814
6393292,5820
6393876,5826
6394460,5832
6395044,5839
6395620,5845
6396204,5851
6396784,5857
6397368,5863
6397960,5869
6398536,5876
6399120,5882
6399700,5888
6400292,5894
6400868,5900
6401448,5907
6402024,5913
6402604,5919
6403184,5925
6403768,5931
6404348,5937
6404924,5944
6405508,5950
6406080,5956
6406664,5962
6407252,5968
6407828,5975
6408408,5981
6408984,5987
6409564,5993
6410148,6000
6410732,6006
6411312,6012
6411888,6018
6412476,6024
6413056,6031
6413636,6037
6414212,6043
6414792,6049
6415384,6056
6415960,6062
6416540,6068
6417116,6074
6417708,6081
6418284,6087
6418864,6093
6419440,6099
6420028,6106
6420612,6112
6421188,6118
6421776,6124
6422352,6131
6422936,6137
6423512,6143
6424100,6149
6424684,6156
6425260,6162
6425844,6168
6426424,6175
6427008,6181
6427584,6187
6428172,6193
6428756,6200
6429332,6206
6429920,6212
6430500,6219
6431084,6225
6431660,6231
6432248,6238
6432832,6244
6433408,6250
6433996,6257
6434572,6263
6435152,6269
6435736,6276
6436320,6282
6436904,6288
6437488,6295
6438068,6301
6438648,6307
6439236,6314
6439812,6320
6440396,6326
6440984,6333
6441560,6339
6442144,6345
6442728,6352
6443312,6358
6443888,6364
6444480,6371
6445060,6377
6445644,6383
6446228,6390
6446804,6396
6447396,6403
6447972,6409
6448556,6415
6449136,6422
6449720,6428
6450308,6434
6450884,6441
6451464,6447
6452048,6454
6452628,6460
6453204,6466
6453792,6473
6454372,6479
6454956,6486
6455536,6492
6456112,6498
6456704,6505
6457276,6511
6457868,6518
6458448,6524
6459024,6530
6459616,6537
6460192,6543
6460780,6550
6461356,6556
6461940,6562
6462528,6569
6463104,6575
6463696,6582
6464272,6588
6464860,6595
6465436,6601
6466024,6607
6466604,6614
6467180,6620
6467768,6627
6468344,6633
6468936,6640
6469512,6646
6470100,6653
6470684,6659
6471268,6665
6471848,6672
6472424,6678
6473012,6685
6473588,6691
6474180,6698
6474760,6704
6475344,6711
6475928,6717
6476512,6724
6477096,6730
6477676,6737
6478260,6743
6478840,6750
6479424,6756
6480012,6763
6480588,6769
6481176,6776
6481752,6782
6482344,6789
6482920,6795
6483508,6802
6484088,6808
6484672,6815
6485252,6821
6485836,6828
6486416,6834
6487000,6841
6487584,6847
6488172,6854
6488748,6860
6489340,6867
6489916,6873
6490504,6880
6491080,6886
6491668,6893
6492252,6899
6492836,6906
6493424,6913
6494000,6919
6494592,6926
6495168,6932
6495756,6939
6496340,6945
6496924,6952
6497508,6958
6498092,6965
6498680,6972
6499256,6978
6499844,6985
6500428,6991
6501012,6998
6501596,7005
6502180,7011
6502772,7018
6503348,7024
6503940,7031
6504524,7037
6505104,7044
6505696,7051
6506272,7057
6506860,7064
6507436,7070
6508028,7077
6508616,7084
6509196,7090
6509784,7097
6510364,7104
6510952,7110
6511536,7117
6512124,7123
6512712,7130
6513296,7137
6513880,7143
6514464,7150
6515048,7156
6515632,7163
6516220,7170
6516804,7176
6517388,7183
6517980,7190
6518556,7196
6519148,7203
6519732,7210
6520316,7216
6520904,7223
6521488,7230
6522072,7236
6522656,7243
6523240,7250
6523824,7256
6524412,7263
6524996,7270
6525580,7276
6526172,7283
6526748,7290
6527340,7296
6527924,7303
6528516,7310
6529100,7316
6529684,7323
6530272,7330
6530848,7336
6531440,7343
6532024,7350
6532608,7356
6533196,7363
6533780,7370
6534364,7376
6534948,7383
6535540,7390
6536116,7397
6536704,7403
6537296,7410
6537880,7417
6538464,7424
6539048,7430
6539636,7437
6540216,7444
6540808,7450
6541396,7457
6541980,7464
6542564,7471
6543148,7477
6543740,7484
6544324,7491
6544908,7498
6545496,7504
6546084,7511
6546672,7518
6547252,7525
6547840,7531
6548424,7538
6549016,7545
6549600,7552
6550184,7558
6550776,7565
6551364,7572
6551948,7579
6552532,7585
6553124,7592
6553716,7599
6554300,7606
6554880,7612
6555460,7619
6556048,7626
6556632,7633
6557216,7639
6557804,7646
6558384,7653
6558976,7660
6559552,7667
6560140,7673
6560720,7680
6561308,7687
6561888,7694
6562468,7700
6563056,7707
6563636,7714
6564220,7721
6564800,7727
6565388,7734
6565976,7741
6566556,7748
6567136,7754
6567720,7761
6568308,7768
6568888,7775
6569468,7782
6570056,7788
6570640,7795
6571228,7802
6571808,7809
6572392,7816
6572976,7822
6573564,7829
6574152,7836
6574732,7843
6575320,7850
6575896,7857
6576484,7863
6577068,7870
6577656,7877
6578244,7884
6578820,7891
6579408,7898
6579988,7904
6580576,7911
6581160,7918
6581748,7925
6582336,7932
6582912,7939
6583504,7945
6584084,7952
6584676,7959
6585256,7966
6585848,7973
6586436,7980
6587012,7987
6587600,7993
6588184,8000
6588768,8007
6589352,8014
6589940,8021
6590528,8028
6591104,8035
6591692,8042
6592276,8048
6592864,8055
6593444,8062
6594032,8069
6594620,8076
6595200,8083
6595780,8090
6596364,8097
6596952,8103
6597532,8110
6598120,8117
6598708,8124
6599292,8131
6599880,8138
6600460,8145
6601044,8152
6601624,8159
6602212,8165
6602800,8172
6603384,8179
6603972,8186
6604556,8193
6605144,8200
6605724,8207
6606312,8214
6606900,8221
6607484,8228
6608064,8235
6608644,8242
6609232,8248
6609816,8255
6610404,8262
6610992,8269
6611572,8276
6612160,8283
6612744,8290
6613332,8297
6613916,8304
6614504,8311
6615096,8318
6615676,8325
6616264,8332
6616840,8339
6617428,8346
6618012,8353
6618600,8359
6619188,8367
6619772,8373
6620360,8380
6620940,8387
6621532,8394
6622112,8401
6622700,8408
6623292,8415
6623872,8422
6624464,8429
6625044,8436
6625636,8443
6626216,8450
6626804,8457
6627392,8464
6627976,8471
6628564,8478
6629148,8485
6629736,8492
6630320,8499
6630908,8506
6631496,8513
6632080,8520
6632668,8527
6633252,8534
6633840,8541
6634424,8548
6635012,8555
6635604,8562
6636184,8569
6636772,8576
6637356,8583
6637944,8590
6638528,8598
6639116,8604
6639708,8612
6640292,8619
6640880,8626
6641460,8633
6642052,8640
6642632,8647
6643220,8654
6643808,8661
6644392,8668
6644988,8675
6645568,8682
6646160,8689
6646740,8696
6647328,8703
6647920,8710
6648504,8717
6649092,8724
6649676,8731
6650264,8738
6650848,8746
6651436,8753
6652024,8760
6652608,8767
6653200,8774
6653788,8781
6654380,8788
6654964,8795
6655552,8802
6656144,8809
6656724,8816
6657312,8823
6657892,8831
6658480,8838
6659060,8845
6659648,8852
6660236,8859
6660820,8866
6661412,8873
6661996,8880
6662584,8887
6663164,8894
6663752,8901
6664344,8908
6664924,8915
6665512,8923
6666096,8930
6666684,8937
6667280,8944
6667864,8951
6668452,8958
6669036,8965
6669624,8972
6670204,8979
6670792,8986
6671380,8994
6671964,9001
6672552,9008
6673140,9015
6673732,9022
6674312,9029
6674904,9036
6675492,9043
6676072,9050
6676664,9058
6677244,9065
6677840,9072
6678420,9079
6679012,9086
6679600,9093
6680184,9100
6680772,9108
6681356,9115
6681952,9122
6682532,9129
6683120,9136
6683712,9143
6684292,9150
6684880,9158
6685464,9165
6686060,9172
6686644,9179
6687232,9186
6687820,9194
6688404,9201
6689000,9208
6689580,9215
6690172,9222
6690752,9230
6691344,9237
6691932,9244
6692520,9251
6693112,9258
6693696,9265
6694284,9273
6694868,9280
6695464,9287
6696052,9294
6696636,9302
6697224,9309
6697812,9316
6698404,9323
6698984,9330
6699576,9338
6700164,9345
6700752,9352
6701344,9359
6701928,9367
6702516,9374
6703116,9381
6703700,9388
6704288,9396
6704872,9403
6705468,9410
6706052,9417
6706644,9425
6707232,9432
6707824,9439
6708412,9446
6708996,9454
6709584,9461
6710176,9468
6710764,9475
6711356,9483
6711940,9490
6712536,9497
6713120,9505
6713712,9512
6714300,9519
6714892,9526
6715484,9534
6716068,9541
6716664,9548
6717248,9555
6717840,9563
6718424,9570
6719020,9577
6719612,9585
6720196,9592
6720788,9599
6721372,9606
6721960,9614
6722540,9621
6723136,9628
6723724,9636
6724308,9643
6724900,9650
6725484,9657
6726072,9665
6726652,9672
6727248,9679
6727836,9686
6728420,9694
6729012,9701
6729596,9708
6730184,9716
6730776,9723
6731364,9730
6731952,9738
6732536,9745
6733132,9752
6733716,9759
6734304,9767
6734900,9774
6735484,9781
6736072,9789
6736652,9796
6737248,9803
6737832,9811
6738420,9818
6739016,9825
6739600,9833
6740188,9840
6740776,9847
6741364,9854
6741948,9862
6742544,9869
6743132,9877
6743716,9884
6744312,9891
6744896,9899
6745484,9906
6746076,9913
6746668,9921
6747260,9928
6747844,9935
6748432,9943
6749016,9950
6749612,9957
6750196,9965
6750792,9972
6751384,9979
6751968,9987
6752564,9994
6753148,10002
6753788,10010
6754428,10018
6755060,10026
6755700,10033
6756332,10042
6756972,10049
6757612,10057
6758248,10065
6758888,10073
6759524,10081
6760156,10089
6760796,10097
6761428,10105
6762068,10113
6762708,10121
6763340,10129
6763980,10137
6764620,10145
6765252,10153
6765892,10161
6766524,10169
6767164,10177
6767804,10185
6768436,10194
6769076,10202
6769716,10210
6770348,10218
6770988,10226
6771624,10234
6772264,10242
6772900,10250
6773532,10258
6774172,10266
6774812,10274
6775444,10282
6776080,10290
6776712,10298
6777352,10306
6777992,10314
6778628,10322
6779272,10330
6779896,10338
6780544,10346
6781184,10354
6781816,10362
6782456,10370
6783096,10378
6783728,10386
6784368,10394
6785000,10403
6785640,10411
6786276,10419
6786908,10427
6787544,10435
6788184,10443
6788816,10451
6789456,10459
6790088,10467
6790724,10475
6791372,10483
6792004,10491
6792640,10499
6793280,10507
6793912,10516
6794552,10524
6795184,10532
6795824,10540
6796464,10548
6797100,10556
6797740,10564
6798384,10572
6799016,10580
6799656,10588
6800292,10597
6800928,10605
6801564,10613
6802200,10621
6802836,10629
6803480,10637
6804112,10645
6804752,10653
6805384,10661
6806024,10669
6806664,10678
6807296,10686
6807932,10694
6808568,10702
6809204,10710
6809852,10718
6810484,10726
6811120,10734
6811760,10743
6812392,10751
6813032,10759
6813664,10767
6814304,10775
6814952,10783
6815584,10791
6816224,10799
6816864,10808
6817496,10816
6818132,10824
6818768,10832
6819412,10840
6820052,10848
6820684,10856
6821324,10865
6821960,10873
6822596,10881
6823232,10889
6823872,10897
6824508,10905
6825148,10913
6825780,10922
6826420,10930
6827060,10938
6827692,10946
6828336,10954
6828972,10962
6829608,10971
6830248,10979
6830880,10987
6831528,10995
6832168,11003
6832800,11012
6833440,11020
6834072,11028
6834712,11036
6835360,11044
6835992,11052
6836632,11061
6837272,11069
6837904,11077
6838552,11085
6839184,11093
6839828,11102
6840468,11110
6841100,11118
6841748,11126
6842388,11135
6843020,11143
6843660,11151
6844296,11159
6844940,11167
6845580,11176
6846216,11184
6846856,11192
6847504,11200
6848136,11208
6848776,11217
6849408,11225
6850052,11233
6850692,11241
6851324,11250
6851964,11258
6852596,11266
6853244,11274
6853884,11283
6854516,11291
6855156,11299
6855800,11307
6856436,11316
6857076,11324
6857708,11332
6858356,11340
6858996,11349
6859632,11357
6860272,11365
6860916,11373
6861552,11382
6862188,11390
6862828,11398
6863468,11407
6864108,11415
6864740,11423
6865388,11431
6866028,11440
6866660,11448
6867304,11456
6867940,11465
6868580,11473
6869220,11481
6869860,11490
6870500,11498
6871140,11506
6871780,11515
6872420,11523
6873056,11531
6873700,11539
6874340,11548
6874972,11556
6875620,11564
6876260,11573
6876892,11581
6877540,11589
6878176,11598
6878816,11606
6879460,11614
6880096,11623
6880736,11631
6881380,11639
6882012,11648
6882652,11656
6883288,11664
6883928,11673
6884568,11681
6885204,11689
6885844,11698
6886484,11706
6887120,11714
6887760,11723
6888392,11731
6889036,11739
6889676,11748
6890308,11756
6890956,11764
6891596,11773
6892228,11781
6892876,11790
6893508,11798
6894152,11806
6894792,11815
6895428,11823
6896072,11832
6896712,11840
6897352,11848
6897992,11857
6898624,11865
6899272,11873
6899912,11882
6900544,11890
6901192,11899
6901832,11907
6902472,11916
6903112,11924
6903752,11932
6904392,11941
6905032,11949
6905672,11958
6906312,11966
6906960,11974
6907592,11983
6908236,11991
6908876,12000
6909516,12008
6910160,12017
6910796,12025
6911444,12033
6912084,12042
6912716,12050
6913360,12059
6913992,12067
6914640,12075
6915276,12084
6915908,12092
6916556,12101
6917196,12109
6917836,12118
6918476,12126
6919116,12134
6919756,12143
6920404,12151
6921036,12160
6921676,12168
6922320,12177
6922952,12185
6923600,12193
6924232,12202
6924876,12210
6925516,12219
6926148,12227
6926796,12236
6927436,12244
6928076,12253
6928712,12261
6929352,12269
6929992,12278
6930640,12286
6931272,12295
6931912,12303
6932560,12312
6933192,12320
6933836,12329
6934472,12337
6935116,12345
6935760,12354
6936400,12362
6937040,12371
6937684,12379
6938320,12388
6938964,12396
6939600,12405
6940240,12413
6940884,12422
6941516,12430
6942164,12439
6942804,12447
6943444,12456
6944084,12464
6944724,12473
6945364,12481
6946012,12490
6946644,12498
6947288,12506
6947928,12515
6948568,12523
6949208,12532
6949848,12540
6950488,12549
6951136,12557
6951772,12566
6952412,12574
6953060,12583
6953700,12591
6954340,12600
6954980,12608
6955620,12617
6956268,12625
6956904,12634
6957552,12642
6958192,12651
6958832,12659
6959472,12668
6960116,12676
6960756,12685
6961404,12694
6962036,12702
6962684,12711
6963328,12719
6963968,12728
6964604,12736
6965244,12745
6965884,12753
6966532,12762
6967164,12770
6967812,12779
6968452,12787
6969092,12796
6969732,12804
6970376,12813
6971008,12821
6971652,12830
6972288,12838
6972932,12847
6973568,12855
6974208,12864
6974848,12872
6975488,12881
6976132,12889
6976768,12898
6977408,12906
6978048,12915
6978692,12924
6979324,12932
6979968,12941
6980600,12949
6981248,12958
6981884,12966
6982524,12975
6983164,12983
6983808,12992
6984440,13000
6985088,13009
6985720,13017
6986364,13026
6987008,13034
6987644,13043
6988288,13052
6988928,13060
6989568,13069
6990204,13077
6990844,13086
6991492,13094
6992132,13103
6992772,13112
6993412,13120
6994056,13129
6994692,13137
6995336,13146
6995984,13154
6996616,13163
6997260,13172
6997896,13180
6998544,13189
6999188,13197
6999824,13206
7000468,13215
7001108,13223
7001748,13232
7002388,13240
7003028,13249
7003676,13257
7004316,13266
7004956,13275
7005596,13283
7006244,13292
7006884,13301
7007524,13309
7008164,13318
7008808,13326
7009448,13335
7010088,13344
7010728,13352
7011376,13361
7012016,13370
7012656,13378
7013296,13387
7013944,13395
7014584,13404
7015224,13413
7015864,13421
7016508,13430
7017152,13439
7017792,13447
7018432,13456
7019076,13464
7019716,13473
7020360,13482
7021004,13490
7021644,13499
7022284,13508
7022932,13516
7023568,13525
7024212,13534
7024860,13543
7025496,13551
7026140,13560
7026788,13569
7027424,13577
7028068,13586
7028712,13595
7029352,13603
7030000,13612
7030640,13621
7031280,13629
7031924,13638
7032568,13647
7033208,13655
7033848,13664
7034496,13673
7035144,13682
7035776,13690
7036424,13699
7037072,13708
7037708,13716
7038356,13725
7039004,13734
7039648,13743
7040288,13751
7040928,13760
7041572,13769
7042220,13778
7042852,13786
7043500,13795
7044144,13804
7044780,13812
7045424,13821
7046064,13830
7046712,13839
7047352,13847
7047992,13856
7048636,13865
7049284,13873
7049916,13882
7050564,13891
7051200,13900
7051840,13908
7052488,13917
7053128,13926
7053772,13935
7054420,13943
7055052,13952
7055700,13961
7056340,13970
7056980,13978
7057624,13987
7058264,13996
7058912,14005
7059560,14014
7060192,14022
7060840,14031
7061480,14040
7062124,14049
7062768,14057
7063408,14066
7064052,14075
7064700,14084
7065340,14093
7065980,14101
7066620,14110
7067268,14119
7067912,14128
7068544,14137
7069192,14145
7069836,14154
7070480,14163
7071124,14172
7071764,14180
7072404,14189
7073052,14198
7073692,14207
7074336,14216
7074984,14225
7075616,14233
7076264,14242
7076912,14251
7077552,14260
7078196,14269
7078832,14277
7079480,14286
7080124,14295
7080764,14304
7081412,14313
7082060,14322
7082692,14330
7083340,14339
7083980,14348
7084628,14357
7085276,14366
7085916,14375
7086560,14383
7087204,14392
7087848,14401
7088492,14410
7089132,14419
7089776,14428
7090416,14436
7091056,14445
7091704,14454
7092352,14463
7092992,14472
7093636,14481
7094284,14490
7094916,14498
7095564,14507
7096204,14516
7096852,14525
7097500,14534
7098140,14543
7098788,14552
7099428,14560
7100068,14569
7100716,14578
7101356,14587
7102004,14596
7102652,14605
7103296,14614
7103944,14623
7104592,14632
7105224,14640
7105872,14649
7106512,14658
7107160,14667
7107808,14676
7108448,14685
7109096,14694
7109744,14703
7110380,14712
7111028,14720
7111668,14729
7112316,14738
7112964,14747
7113604,14756
7114252,14765
7114900,14774
7115540,14783
7116188,14792
7116828,14801
7117468,14809
7118116,14818
7118756,14827
7119404,14836
7120052,14845
7120692,14854
7121336,14863
7121984,14872
7122620,14881
7123264,14889
7123904,14898
7124552,14907
7125200,14916
7125840,14925
7126488,14934
7127136,14943
7127776,14952
7128424,14961
7129056,14970
7129704,14978
7130352,14987
7130992,14996
7131640,15005
7132288,15014
7132928,15023
7133576,15032
7134224,15041
7134864,15050
7135512,15059
7136148,15068
7136796,15076
7137444,15085
7138084,15094
7138732,15103
7139380,15112
7140020,15121
7140668,15130
7141308,15139
7141956,15148
7142604,15157
7143248,15166
7143896,15175
7144544,15184
7145180,15193
7145828,15202
7146468,15210
7147116,15219
7147764,15228
7148404,15237
7149052,15246
7149700,15255
7150344,15264
7150992,15273
7151640,15282
7152280,15291
7152928,15300
7153572,15309
7154220,15318
7154868,15327
7155504,15336
7156152,15344
7156804,15353
7157444,15362
7158092,15371
7158732,15380
7159380,15389
7160028,15398
7160668,15407
7161316,15416
7161964,15425
7162604,15434
7163252,15443
7163896,15452
7164544,15461
7165192,15470
7165828,15479
7166476,15488
7167124,15497
7167764,15506
7168416,15514
7169060,15523
7169700,15532
7170344,15541
7170984,15550
7171632,15559
7172280,15568
7172920,15577
7173564,15586
7174212,15595
7174852,15604
7175492,15613
7176132,15622
7176780,15630
7177428,15639
7178068,15648
7178716,15657
7179364,15666
7180004,15675
7180652,15684
7181292,15693
7181936,15702
7182584,15711
7183224,15720
7183872,15729
7184520,15738
7185152,15747
7185800,15755
7186448,15764
7187088,15773
7187736,15782
7188376,15791
7189024,15800
7189672,15809
7190316,15818
7190964,15827
7191612,15836
7192252,15845
7192900,15854
7193540,15863
7194188,15872
7194836,15881
7195480,15890
7196124,15899
7196772,15908
7197416,15917
7198064,15926
7198700,15935
7199348,15944
7199996,15952
7200640,15961
7201288,15970
7201932,15979
7202572,15988
7203220,15997
7203868,16006
7204508,16015
7205152,16024
7205792,16033
7206436,16042
7207080,16051
7207712,16060
7208360,16069
7209004,16077
7209644,16086
7210288,16095
7210924,16104
7211572,16113
7212216,16122
7212856,16131
7213500,16140
7214144,16149
7214784,16158
7215424,16167
7216064,16176
7216708,16184
7217352,16193
7217992,16202
7218636,16211
7219284,16220
7219920,16229
7220568,16238
7221204,16247
7221848,16256
7222496,16265
7223128,16274
7223772,16282
7224420,16291
7225056,16300
7225704,16309
7226344,16318
7226988,16327
7227636,16336
7228272,16345
7228920,16354
7229564,16363
7230204,16372
7230852,16381
7231496,16390
7232136,16399
7232784,16408
7233416,16416
7234060,16425
7234704,16434
7235344,16443
7235992,16452
7236636,16461
7237276,16470
7237924,16479
7238564,16488
7239208,16497
7239856,16506
7240496,16515
7241140,16524
7241784,16533
7242420,16542
7243064,16550
7243704,16559
7244352,16568
7244996,16577
7245636,16586
7246284,16595
7246928,16604
7247568,16613
7248216,16622
7248856,16631
7249504,16640
7250148,16649
7250788,16658
7251428,16667
7252072,16676
7252712,16684
7253356,16693
7253996,16702
7254644,16711
7255288,16720
7255928,16729
7256576,16738
7257220,16747
7257864,16756
7258508,16765
7259156,16774
7259796,16783
7260444,16792
7261084,16801
7261728,16810
7262376,16819
7263008,16828
7263656,16836
7264304,16845
7264940,16854
7265588,16863
7266228,16872
7266876,16881
7267520,16890
7268160,16899
7268808,16908
7269452,16917
7270096,16926
7270740,16935
7271380,16944
7272028,16953
7272672,16962
7273312,16971
7273952,16980
7274596,16989
7275236,16998
7275884,17006
7276524,17015
7277172,17024
7277816,17033
7278460,17042
7279104,17051
7279752,17060
7280392,17069
7281040,17078
7281684,17087
7282324,17096
7282972,17105
7283612,17114
7284260,17123
7284908,17132
7285548,17141
7286192,17150
7286840,17159
7287476,17168
7288120,17176
7288764,17186
7289408,17194
7290056,17203
7290700,17212
7291348,17221
7291992,17230
7292636,17239
7293280,17248
7293920,17257
7294568,17266
7295216,17275
7295856,17284
7296504,17293
7297148,17302
7297788,17311
7298436,17320
7299080,17329
7299720,17338
7300368,17347
7301000,17356
7301648,17365
7302296,17374
7302936,17383
7303584,17391
7304228,17400
7304868,17409
7305516,17418
7306156,17427
7306804,17436
7307452,17445
7308092,17454
7308740,17463
7309388,17472
7310028,17481
7310676,17490
7311316,17499
7311968,17508
7312616,17517
7313256,17526
7313904,17535
7314552,17544
7315192,17553
7315840,17562
7316488,17571
7317128,17580
7317776,17589
7318420,17598
7319064,17607
7319712,17616
7320352,17625
7320992,17634
7321640,17643
7322280,17651
7322924,17660
7323564,17669
7324212,17678
7324860,17687
7325500,17696
7326148,17705
7326792,17714
7327436,17723
7328084,17732
7328724,17741
7329368,17750
7330016,17759
7330656,17768
7331304,17777
7331952,17786
7332592,17795
7333240,17804
7333880,17813
7334528,17822
7335176,17831
7335816,17840
7336464,17849
7337104,17858
7337744,17867
7338392,17875
7339040,17884
7339680,17894
7340328,17902
7340972,17911
7341616,17920
7342264,17929
7342904,17938
7343552,17947
7344200,17956
7344840,17965
7345488,17974
7346128,17983
7346776,17992
7347424,18001
7348064,18010
7348712,18019
7349356,18028
7350000,18037
7350648,18046
7351288,18055
7351936,18064
7352584,18073
7353224,18082
7353872,18091
7354520,18100
7355160,18109
7355808,18118
7356456,18127
7357100,18136
7357748,18145
7358384,18154
7359032,18163
7359688,18172
7360320,18181
7360968,18190
7361616,18199
7362256,18208
7362900,18216
7363544,18225
7364188,18234
7364836,18243
7365476,18252
7366124,18261
7366772,18270
7367412,18279
7368060,18288
7368700,18297
7369348,18306
7369996,18315
7370636,18324
7371284,18333
7371932,18342
7372576,18351
7373224,18360
7373868,18369
7374508,18378
7375156,18387
7375796,18396
7376444,18405
7377088,18414
7377728,18423
7378372,18432
7379020,18441
7379652,18450
7380300,18458
7380940,18467
7381584,18476
7382232,18485
7382872,18494
7383520,18503
7384164,18512
7384804,18521
7385452,18530
7386092,18539
7386740,18548
7387388,18557
7388028,18566
7388672,18575
7389320,18584
7389960,18593
7390608,18602
7391252,18611
7391896,18620
7392540,18629
7393184,18638
7393828,18647
7394476,18656
7395108,18665
7395756,18674
7396412,18683
7397044,18692
7397692,18700
7398332,18710
7398980,18718
7399628,18727
7400268,18736
7400916,18745
7401564,18754
7402204,18763
7402852,18772
7403492,18781
7404140,18790
7404788,18799
7405428,18808
7406076,18817
7406724,18826
7407364,18835
7408012,18844
7408656,18853
7409296,18862
7409944,18871
7410584,18880
7411232,18889
7411876,18898
7412520,18907
7413164,18916
7413812,18925
7414452,18934
7415100,18943
7415740,18952
7416384,18961
7417028,18970
7417672,18979
7418316,18988
7418964,18997
7419608,19006
7420252,19014
7420896,19023
7421544,19032
7422192,19041
7422832,19050
7423480,19059
7424128,19068
7424768,19077
7425416,19086
7426064,19095
7426704,19104
7427352,19113
7427992,19122
7428640,19131
7429288,19140
7429928,19149
7430576,19158
7431220,19167
7431864,19176
7432512,19185
7433152,19194
7433800,19203
7434448,19212
7435088,19221
7435732,19230
7436380,19239
7437020,19248
7437664,19257
7438300,19266
7438952,19275
7439600,19284
7440232,19293
7440880,19302
7441524,19310
7442164,19320
7442812,19328
7443452,19337
7444100,19346
7444744,19355
7445388,19364
7446032,19373
7446680,19382
7447320,19391
7447968,19400
7448616,19409
7449256,19418
7449904,19427
7450544,19436
7451192,19445
7451836,19454
7452480,19463
7453128,19472
7453772,19481
7454416,19490
7455060,19499
7455704,19508
7456348,19517
7456996,19526
7457636,19535
7458280,19544
7458928,19553
7459564,19562
7460208,19571
7460848,19579
7461496,19588
7462144,19597
7462784,19606
7463432,19615
7464080,19624
7464720,19633
7465364,19642
7466012,19651
7466652,19660
7467300,19669
7467940,19678
7468588,19687
7469236,19696
7469876,19705
7470524,19714
7471172,19723
7471816,19732
7472464,19741
7473104,19750
7473752,19759
7474400,19768
7475044,19777
7475692,19786
7476336,19795
7476980,19804
7477624,19813
7478268,19822
7478916,19831
7479564,19840
7480204,19849
7480848,19858
7481496,19867
7482136,19876
7482784,19885
7483432,19894
7484072,19903
7484720,19912
7485356,19921
7486012,19930
7486660,19939
7487292,19948
7487940,19957
7488592,19966
7489232,19975
7489880,19983
7490520,19993
7491168,20001
7491816,20010
7492456,20020
7493104,20028
7493752,20037
7494392,20046
7495040,20055
7495688,20064
7496328,20073
7496976,20082
7497616,20091
7498260,20100
7498908,20109
7499548,20118
7500196,20127
7500844,20136
7501484,20145
7502132,20154
7502772,20163
7503420,20172
7504068,20181
7504708,20190
7505356,20199
7506004,20208
7506644,20217
7507292,20226
7507932,20235
7508580,20244
7509228,20253
7509868,20262
7510516,20271
7511164,20280
7511808,20289
7512456,20298
7513104,20307
7513748,20316
7514396,20325
7515036,20334
7515684,20343
7516336,20352
7516976,20361
7517624,20370
7518272,20379
7518916,20388
7519564,20397
7520208,20406
7520852,20415
7521500,20424
7522144,20433
7522792,20442
7523440,20451
7524072,20460
7524720,20469
7525364,20478
7526020,20487
7526664,20496
7527300,20505
7527944,20514
7528592,20523
7529232,20532
7529880,20540
7530524,20549
7531168,20558
7531816,20567
7532456,20576
7533104,20585
7533752,20594
7534392,20603
7535040,20612
7535688,20621
7536328,20630
7536976,20639
7537616,20648
7538260,20657
7538908,20666
7539548,20675
7540196,20684
7540840,20693
7541480,20702
7542128,20711
7542768,20720
7543416,20729
7544064,20738
7544704,20747
7545352,20756
7546000,20765
7546640,20774
7547288,20783
7547932,20792
7548576,20801
7549220,20810
7549856,20819
7550500,20828
7551148,20837
7551792,20846
7552440,20854
7553084,20863
7553724,20872
7554368,20881
7555008,20890
7555656,20899
7556304,20908
7556944,20917
7557592,20926
7558240,20935
7558880,20944
7559524,20953
7560168,20962
7560812,20971
7561456,20980
7562100,20989
7562744,20998
7563392,21007
7564032,21016
7564680,21025
7565328,21034
7565968,21043
7566616,21052
7567256,21061
7567904,21070
7568552,21079
7569196,21088
7569840,21097
7570488,21106
7571132,21115
7571780,21124
7572420,21133
7573068,21142
7573716,21151
7574352,21160
7575000,21169
7575648,21178
7576288,21187
7576936,21196
7577580,21205
7578228,21213
7578876,21223
7579516,21232
7580164,21240
7580808,21249
7581448,21258
7582096,21267
7582740,21276
7583380,21285
7584028,21294
7584668,21303
7585312,21312
7585960,21321
7586600,21330
7587248,21339
7587896,21348
7588536,21357
7589184,21366
7589824,21375
7590472,21384
7591116,21393
7591760,21402
7592408,21411
7593052,21420
7593696,21429
7594344,21438
7594984,21447
7595632,21456
7596280,21465
7596920,21474
7597568,21483
7598216,21492
7598856,21501
7599504,21510
7600152,21519
7600796,21528
7601436,21537
7602076,21546
7602724,21554
7603372,21563
7604012,21572
7604660,21581
7605308,21590
7605948,21599
7606596,21608
7607236,21617
7607884,21626
7608532,21635
7609172,21644
7609820,21653
7610468,21662
7611108,21671
7611756,21680
7612396,21689
7613044,21698
7613692,21707
7614336,21716
7614984,21725
7615632,21734
7616276,21743
7616920,21752
7617568,21761
7618212,21770
7618860,21779
7619500,21788
7620144,21797
7620792,21806
7621432,21815
7622080,21824
7622728,21833
7623368,21842
7624016,21851
7624656,21860
7625300,21869
7625948,21878
7626592,21887
7627236,21896
7627884,21905
7628528,21914
7629176,21923
7629816,21932
7630464,21941
7631108,21950
7631744,21959
7632392,21968
7633040,21977
7633680,21986
7634328,21995
7634976,22004
7635616,22013
7636264,22022
7636908,22031
7637552,22039
7638204,22048
7638844,22057
7639492,22066
7640140,22075
7640784,22084
7641428,22093
7642072,22102
7642720,22111
7643368,22120
7644008,22129
7644656,22138
7645304,22147
7645944,22156
7646592,22165
7647240,22174
7647884,22183
7648532,22192
7649172,22201
7649820,22210
7650468,22219
7651112,22228
7651760,22237
7652408,22246
7653052,22255
7653700,22264
7654340,22273
7654992,22282
7655640,22291
7656280,22300
7656928,22309
7657580,22318
7658220,22327
7658872,22336
7659512,22345
7660164,22354
7660812,22363
7661452,22372
7662100,22381
7662748,22390
7663392,22399
7664040,22408
7664688,22417
7665328,22426
7665976,22435
7666616,22444
7667264,22453
7667912,22462
7668552,22471
7669200,22480
7669848,22489
7670488,22498
7671136,22507
7671776,22516
7672428,22525
7673076,22534
7673716,22543
7674364,22552
7675012,22561
7675656,22570
7676304,22579
7676952,22588
7677596,22597
7678244,22606
7678888,22615
7679536,22624
7680184,22633
7680824,22642
7681468,22651
7682116,22660
7682748,22669
7683392,22678
7684032,22687
7684680,22695
7685324,22704
7685964,22713
7686612,22722
7687256,22731
7687896,22740
7688544,22749
7689184,22758
7689832,22767
7690476,22776
7691120,22785
7691764,22794
7692412,22803
7693052,22812
7693700,22821
7694344,22830
7694988,22839
7695632,22848
7696276,22857
7696920,22866
7697568,22875
7698208,22884
7698856,22893
7699504,22902
7700144,22911
7700792,22920
7701432,22929
7702080,22938
7702724,22947
7703360,22956
7704008,22964
7704652,22973
7705292,22982
7705940,22991
7706580,23000
7707228,23009
7707872,23018
7708516,23027
7709164,23036
7709812,23045
7710452,23054
7711096,23063
7711736,23072
7712384,23081
7713032,23090
7713672,23099
7714320,23108
7714964,23117
7715608,23126
7716252,23135
7716900,23144
7717540,23153
7718188,23162
7718828,23171
7719476,23180
7720124,23189
7720764,23198
7721412,23207
7722060,23216
7722700,23225
7723348,23234
7723988,23243
7724636,23252
7725284,23261
7725916,23270
7726564,23279
7727212,23288
7727852,23297
7728500,23306
7729140,23315
7729788,23323
7730436,23332
7731076,23342
7731724,23350
7732372,23359
7733016,23368
7733660,23377
7734308,23386
7734948,23395
7735596,23404
7736240,23413
7736888,23422
7737532,23431
7738176,23440
7738824,23449
7739472,23458
7740112,23467
7740760,23476
7741404,23485
7742052,23494
7742700,23503
7743340,23512
7743988,23521
7744640,23530
7745280,23539
7745924,23548
7746572,23557
7747212,23566
7747860,23575
7748500,23584
7749148,23593
7749796,23602
7750436,23611
7751084,23620
7751732,23629
7752372,23638
7753020,23647
7753660,23656
7754308,23665
7754956,23674
7755600,23683
7756248,23692
7756892,23701
7757536,23710
7758180,23719
7758824,23728
7759472,23737
7760120,23746
7760760,23755
7761408,23764
7762056,23773
7762688,23782
7763344,23791
7763992,23800
7764624,23809
7765280,23818
7765916,23827
7766564,23836
7767212,23845
7767852,23854
7768500,23862
7769148,23872
7769788,23881
7770436,23889
7771076,23899
7771728,23907
7772376,23916
7773016,23926
7773664,23934
7774312,23943
7774956,23952
7775604,23961
7776248,23970
7776896,23979
7777544,23988
7778188,23998
7778836,24006
7779484,24015
7780124,24025
7780772,24033
7781420,24042
7782064,24051
7782712,24060
7783352,24069
7783996,24078
7784644,24087
7785284,24096
7785932,24105
7786576,24114
7787216,24123
7787864,24132
7788504,24141
7789152,24150
7789800,24159
7790440,24168
7791084,24177
7791732,24186
7792376,24195
7793024,24204
7793668,24213
7794308,24222
7794956,24231
7795600,24240
7796244,24249
7796892,24258
7797532,24267
7798180,24276
7798828,24285
7799472,24294
7800120,24303
7800760,24312
7801408,24321
7802056,24330
7802696,24339
7803344,24348
7803992,24357
7804632,24366
7805280,24375
7805920,24384
7806568,24393
7807216,24402
7807856,24411
7808504,24420
7809152,24429
7809784,24438
7810432,24447
7811080,24456
7811720,24464
7812368,24473
7813008,24482
7813656,24491
7814300,24500
7814944,24509
7815592,24518
7816240,24527
7816880,24536
7817528,24545
7818168,24554
7818816,24563
7819464,24572
7820104,24581
7820752,24590
7821404,24599
7822044,24608
7822692,24617
7823336,24626
7823984,24635
7824632,24644
7825272,24653
7825920,24662
7826568,24671
7827208,24680
7827852,24689
7828500,24698
7829140,24707
7829788,24716
7830432,24725
7831080,24734
7831728,24743
7832368,24752
7833016,24761
7833664,24770
7834308,24779
7834952,24788
7835596,24797
7836244,24806
7836892,24815
7837532,24824
7838180,24833
7838828,24842
7839468,24851
7840116,24860
7840756,24869
7841404,24878
7842052,24887
7842692,24896
7843340,24905
7843988,24914
7844628,24923
7845276,24932
7845924,24941
7846564,24950
7847212,24959
7847856,24968
7848500,24977
7849148,24986
7849788,24995
7850436,25004
7851084,25013
7851724,25022
7852372,25031
7853016,25040
7853664,25049
7854312,25058
7854948,25067
7855600,25076
7856248,25085
7856892,25094
7857540,25103
7858188,25112
7858832,25121
7859480,25130
7860120,25139
7860768,25148
7861416,25157
7862052,25166
7862708,25175
7863356,25184
7864000,25193
7864648,25202
7865288,25211
7865936,25220
7866580,25229
7867216,25238
7867868,25247
7868508,25256
7869152,25265
7869800,25274
7870440,25283
7871088,25291
7871732,25301
7872376,25310
7873024,25318
7873672,25328
7874312,25337
7874960,25345
7875604,25354
7876248,25363
7876892,25372
7877536,25381
7878184,25390
7878832,25399
7879472,25408
7880120,25417
7880768,25426
7881408,25435
7882056,25444
7882700,25453
7883348,25462
7883996,25471
7884636,25480
7885284,25489
7885932,25498
7886572,25507
7887220,25516
7887860,25525
7888508,25534
7889156,25543
7889800,25552
7890444,25561
7891092,25570
7891736,25579
7892384,25588
7893032,25597
7893676,25606
7894320,25615
7894960,25624
7895608,25633
7896252,25642
7896892,25651
7897536,25660
7898184,25669
7898824,25678
7899472,25687
7900112,25696
7900756,25705
7901404,25714
7902044,25723
7902692,25732
7903340,25741
7903980,25750
7904628,25759
7905268,25768
7905916,25777
7906564,25786
7907204,25795
7907848,25804
7908492,25813
7909128,25822
7909772,25831
7910420,25840
7911060,25848
7911704,25857
7912344,25866
7912992,25875
7913640,25884
7914276,25893
7914924,25902
7915572,25911
7916212,25920
7916860,25929
7917500,25938
7918148,25947
7918792,25956
7919436,25965
7920080,25974
7920728,25983
7921368,25992
7922016,26001
7922656,26010
7923300,26019
7923948,26028
7924588,26037
7925236,26046
7925880,26055
7926524,26064
7927168,26073
7927816,26082
7928456,26091
7929104,26100
7929744,26109
7930392,26118
7931040,26127
7931680,26136
7932328,26145
7932976,26154
7933616,26163
7934264,26172
7934904,26181
7935552,26190
7936200,26199
7936840,26208
7937488,26217
7938132,26226
7938768,26235
7939412,26244
7940052,26253
7940700,26261
7941348,26270
7941988,26279
7942636,26288
7943280,26297
7943920,26306
7944568,26315
7945208,26324
7945856,26333
7946504,26342
7947144,26351
7947792,26360
7948436,26369
7949080,26378
7949724,26387
7950372,26396
7951012,26405
7951660,26414
7952300,26423
7952948,26432
7953592,26441
7954236,26450
7954880,26459
7955528,26468
7956168,26477
7956816,26486
7957456,26495
7958104,26504
7958748,26513
7959392,26522
7960040,26531
7960684,26540
7961324,26549
7961972,26558
7962616,26567
7963260,26576
7963908,26585
7964548,26594
7965196,26603
7965844,26612
7966484,26621
7967132,26630
7967780,26639
7968420,26648
7969068,26657
7969700,26666
7970348,26675
7971000,26684
7971636,26693
7972292,26702
7972940,26711
7973572,26720
7974228,26729
7974864,26738
7975512,26747
7976160,26756
7976800,26765
7977448,26774
7978096,26783
7978736,26792
7979384,26801
7980028,26810
7980672,26819
7981320,26828
7981964,26837
7982612,26846
7983260,26855
7983904,26864
7984552,26873
7985200,26882
7985840,26891
7986488,26900
7987132,26909
7987780,26918
7988424,26927
7989068,26936
7989712,26944
7990360,26953
7991000,26962
7991648,26971
7992292,26980
7992940,26989
7993584,26998
7994228,27007
7994876,27016
7995524,27025
7996164,27034
7996812,27043
7997460,27052
7998100,27061
7998748,27070
7999388,27079
8000036,27088
8000684,27097
8001320,27106
8001968,27115
8002612,27124
8003252,27133
8003900,27142
8004540,27151
8005184,27160
8005832,27169
8006472,27178
8007116,27187
8007764,27196
8008404,27205
8009048,27214
8009688,27223
8010332,27232
8010980,27241
8011620,27250
8012264,27259
8012912,27268
8013544,27277
8014188,27286
8014828,27295
8015476,27303
8016120,27312
8016760,27321
8017408,27330
8018052,27339
8018692,27348
8019340,27357
8019988,27366
8020628,27375
8021272,27384
8021912,27393
8022560,27402
8023208,27411
8023848,27420
8024492,27429
8025140,27438
8025780,27447
8026428,27456
8027068,27465
8027716,27474
8028364,27483
8029004,27492
8029648,27501
8030296,27510
8030936,27519
8031584,27528
8032224,27537
8032868,27546
8033516,27555
8034156,27564
8034800,27573
8035448,27582
8036088,27591
8036736,27600
8037380,27609
8038020,27618
8038668,27627
8039300,27636
8039948,27645
8040592,27653
8041232,27662
8041880,27671
8042528,27680
8043168,27689
8043812,27698
8044452,27707
8045100,27716
8045748,27725
8046388,27734
8047036,27743
8047680,27752
8048324,27761
8048968,27770
8049608,27779
8050256,27788
8050900,27797
8051540,27806
8052188,27815
8052836,27824
8053476,27833
8054124,27842
8054764,27851
8055408,27860
8056056,27869
8056696,27878
8057344,27887
8057992,27896
8058632,27905
8059280,27914
8059928,27923
8060568,27932
8061216,27941
8061856,27950
8062504,27959
8063152,27968
8063796,27977
8064444,27986
8065092,27995
8065732,28004
8066376,28013
8067020,28022
8067664,28031
8068312,28040
8068952,28049
8069600,28058
8070240,28067
8070880,28076
8071524,28085
8072164,28094
8072812,28102
8073460,28111
8074100,28121
8074748,28129
8075396,28138
8076036,28147
8076684,28156
8077332,28165
8077972,28174
8078616,28183
8079260,28192
8079904,28201
8080552,28210
8081192,28219
8081840,28228
8082484,28237
8083124,28246
8083772,28255
8084412,28264
8085060,28273
8085704,28282
8086348,28291
8086992,28300
8087640,28309
8088284,28318
8088928,28327
8089572,28336
8090220,28345
8090864,28354
8091504,28363
8092152,28372
8092800,28381
8093440,28390
8094084,28399
8094732,28408
8095372,28417
8096020,28426
8096656,28435
8097304,28444
8097948,28453
8098584,28462
8099228,28471
8099876,28480
8100516,28489
8101164,28498
8101804,28506
8102448,28515
8103096,28524
8103736,28533
8104384,28542
8105032,28551
8105672,28560
8106316,28569
8106960,28578
8107608,28587
8108252,28596
8108896,28605
8109540,28614
8110188,28623
8110832,28632
8111476,28641
8112120,28650
8112764,28659
8113412,28668
8114052,28677
8114700,28686
8115348,28695
8115988,28704
8116636,28713
8117284,28722
8117924,28731
8118572,28740
8119212,28749
8119860,28758
8120508,28767
8121152,28776
8121800,28785
8122444,28794
8123088,28803
8123732,28812
8124372,28821
8125020,28830
8125668,28839
8126308,28848
8126956,28857
8127604,28866
8128244,28875
8128888,28884
8129528,28893
8130176,28902
8130824,28911
8131464,28920
8132108,28929
8132756,28938
8133396,28947
8134044,28956
8134692,28965
8135328,28974
8135980,28983
8136616,28992
8137268,29001
8137916,29010
8138552,29019
8139208,29028
8139856,29037
8140488,29046
8141136,29055
8141776,29064
8142424,29073
8143072,29082
8143712,29091
8144360,29100
8145008,29109
8145652,29118
8146296,29127
8146940,29136
8147588,29144
8148236,29153
8148876,29162
8149524,29171
8150172,29181
8150812,29190
8151464,29199
8152112,29208
8152752,29217
8153400,29226
8154040,29235
8154688,29243
8155336,29252
8155980,29261
8156628,29270
8157276,29280
8157916,29289
8158564,29298
8159208,29307
8159856,29316
8160512,29325
8161144,29334
8161792,29343
8162440,29351
8163084,29361
8163728,29369
8164376,29379
8165020,29388
8165668,29397
8166308,29406
8166960,29415
8167608,29424
8168248,29433
8168896,29442
8169544,29451
8170184,29460
8170832,29468
8171472,29478
8172124,29487
8172768,29496
8173412,29505
8174060,29514
8174708,29523
8175352,29532
8176000,29541
8176652,29550
8177288,29558
8177936,29568
8178576,29577
8179224,29585
8179872,29595
8180512,29604
8181160,29613
8181808,29622
8182448,29631
8183096,29640
8183740,29649
8184388,29657
8185036,29666
8185676,29676
8186324,29685
8186972,29694
8187616,29703
8188264,29712
8188904,29721
8189552,29730
8190204,29739
8190844,29748
8191496,29757
8192152,29766
8192784,29775
8193428,29783
8194072,29792
8194708,29801
8195356,29810
8195992,29819
8196640,29828
8197284,29837
8197924,29846
8198568,29855
8199212,29864
8199852,29873
8200496,29882
8201136,29891
8201780,29900
8202428,29909
8203064,29918
8203712,29927
8204356,29936
8204996,29945
8205640,29954
8206280,29963
8206924,29972
8207572,29981
8208204,29990
8208856,29999
8209500,30008
8210136,30017
8210780,30026
8211420,30035
8212068,30043
8212712,30052
8213352,30061
8214000,30070
8214648,30079
8215288,30088
8215932,30097
8216572,30106
8217220,30115
8217864,30124
8218504,30133
8219148,30142
8219796,30151
8220436,30160
8221084,30169
8221728,30178
8222368,30187
8223016,30196
8223656,30205
8224304,30214
8224948,30223
8225588,30232
8226236,30241
8226884,30250
8227524,30259
8228168,30268
8228808,30277
8229456,30286
8230100,30295
8230740,30304
8231388,30313
8232036,30322
8232676,30331
8233324,30340
8233964,30349
8234608,30358
8235256,30367
8235896,30376
8236544,30385
8237192,30394
8237832,30403
8238480,30412
8239124,30421
8239764,30430
8240412,30439
8241052,30448
8241696,30457
8242336,30466
8242976,30475
8243632,30484
8244276,30493
8244908,30502
8245556,30511
8246196,30520
8246844,30528
8247488,30537
8248128,30546
8248776,30555
8249424,30564
8250064,30573
8250708,30582
8251348,30591
8251996,30600
8252644,30609
8253284,30618
8253932,30627
8254580,30636
8255220,30645
8255868,30654
8256508,30663
8257152,30672
8257800,30681
8258440,30690
8259088,30699
8259732,30708
8260376,30717
8261024,30726
8261668,30735
8262308,30744
8262956,30753
8263596,30762
8264240,30771
8264888,30780
8265528,30789
8266172,30798
8266820,30807
8267460,30816
8268104,30825
8268748,30834
8269392,30843
8270040,30852
8270680,30861
8271324,30870
8271972,30879
8272616,30888
8273260,30897
8273900,30906
8274548,30915
8275196,30924
8275836,30933
8276484,30942
8277128,30951
8277768,30960
8278412,30969
8279060,30978
8279700,30987
8280344,30996
8280984,31005
8281632,31014
8282276,31023
8282916,31032
8283564,31041
8284212,31050
8284844,31059
8285488,31068
8286128,31077
8286776,31086
8287420,31095
8288064,31104
8288708,31112
8289356,31122
8289996,31131
8290644,31139
8291284,31148
8291928,31157
8292576,31166
8293216,31175
8293864,31184
8294512,31193
8295152,31202
8295800,31211
8296440,31220
8297084,31229
8297732,31238
8298372,31247
8299016,31256
8299664,31265
8300304,31274
8300952,31283
8301596,31292
8302240,31301
8302884,31310
8303528,31319
8304176,31328
8304820,31337
8305460,31346
8306108,31355
8306756,31364
8307396,31373
8308044,31382
8308684,31391
8309328,31400
8309976,31409
8310616,31418
8311264,31427
8311912,31436
8312556,31445
8313200,31454
8313844,31463
8314492,31472
8315140,31481
8315780,31490
8316428,31499
8317076,31508
8317716,31517
8318364,31526
8319012,31535
8319656,31544
8320304,31553
8320944,31562
8321588,31571
8322236,31580
8322876,31589
8323520,31598
8324168,31607
8324808,31616
8325452,31625
8326092,31634
8326740,31643
8327384,31652
8328024,31661
8328672,31670
8329316,31679
8329956,31688
8330604,31697
8331244,31706
8331892,31715
8332536,31724
8333180,31733
8333824,31742
8334472,31751
8335112,31760
8335760,31769
8336408,31778
8337048,31787
8337692,31796
8338336,31805
8338980,31814
8339628,31823
8340268,31832
8340916,31841
8341564,31850
8342204,31859
8342852,31868
8343492,31877
8344140,31886
8344788,31895
8345432,31904
8346080,31913
8346724,31922
8347368,31931
8348012,31940
8348656,31949
8349300,31958
8349948,31967
8350592,31976
8351240,31985
8351888,31994
8352528,32003
8353176,32012
8353820,32021
8354460,32030
8355104,32039
8355744,32048
8356392,32057
8357036,32066
8357668,32075
8358320,32084
8358968,32093
8359600,32102
8360244,32111
8360884,32120
8361528,32128
8362172,32137
8362812,32146
8363456,32155
8364104,32164
8364744,32173
8365388,32182
8366028,32191
8366676,32200
8367320,32209
8367960,32218
8368604,32227
8369252,32236
8369892,32245
8370536,32254
8371176,32263
8371824,32272
8372472,32281
8373112,32290
8373756,32299
8374404,32308
8375044,32317
8375688,32326
8376336,32335
8376976,32344
8377620,32353
8378260,32362
8378904,32371
8379548,32380
8380188,32389
8380836,32398
8381480,32407
8382120,32416
8382768,32425
8383408,32434
8384052,32443
8384700,32452
8385332,32461
8385976,32470
8386624,32479
8387264,32488
8387908,32496
8388548,32506
8389192,32514
8389840,32523
8390480,32532
8391124,32541
8391772,32550
8392412,32559
8393060,32568
8393700,32577
8394348,32586
8394992,32595
8395636,32604
8396280,32613
8396928,32622
8397568,32631
8398216,32640
8398860,32649
8399500,32658
8400144,32667
8400784,32676
8401428,32685
8402072,32694
8402712,32703
8403356,32712
8404004,32721
8404644,32730
8405288,32739
8405928,32748
8406572,32757
8407220,32766
8407856,32775
8408504,32784
8409148,32793
8409788,32802
8410432,32811
8411072,32820
8411720,32829
8412364,32838
8413004,32847
8413644,32856
8414288,32865
8414928,32874
8415576,32883
8416216,32892
8416860,32900
8417508,32909
8418148,32919
8418792,32927
8419440,32936
8420080,32945
8420724,32954
8421364,32963
8422012,32972
8422656,32981
8423296,32990
8423944,32999
8424588,33008
8425228,33017
8425876,33026
8426520,33035
8427160,33044
8427808,33053
8428448,33062
8429096,33071
8429740,33080
8430384,33089
8431028,33098
8431676,33107
8432320,33116
8432964,33125
8433604,33134
8434252,33143
8434900,33152
8435540,33161
8436188,33170
8436836,33179
8437476,33188
8438124,33197
8438764,33206
8439408,33215
8440056,33224
8440696,33233
8441344,33242
8441992,33251
8442632,33260
8443280,33269
8443924,33278
8444564,33287
8445212,33296
8445852,33305
8446500,33314
8447144,33323
8447788,33332
8448432,33341
8449080,33350
8449716,33359
8450364,33368
8451004,33377
8451648,33386
8452296,33395
8452932,33404
8453580,33413
8454228,33422
8454868,33431
8455512,33440
8456152,33449
8456800,33458
8457440,33467
8458080,33476
8458724,33485
8459376,33494
8460012,33503
8460656,33512
8461296,33521
8461944,33529
8462588,33539
8463232,33548
8463876,33556
8464524,33565
8465164,33574
8465812,33583
8466460,33592
8467100,33602
8467744,33610
8468384,33620
8469032,33628
8469680,33637
8470320,33646
8470964,33655
8471612,33664
8472252,33673
8472900,33682
8473540,33691
8474188,33700
8474832,33709
8475472,33718
8476120,33727
8476768,33736
8477408,33745
8478056,33754
8478700,33763
8479344,33772
8479992,33781
8480636,33790
8481280,33799
8481924,33808
8482564,33817
8483212,33826
8483856,33835
8484496,33844
8485140,33853
8485780,33862
8486428,33871
8487072,33880
8487712,33889
8488360,33898
8489004,33907
8489644,33916
8490292,33925
8490932,33934
8491576,33943
8492224,33952
8492864,33961
8493512,33970
8494156,33979
8494800,33988
8495444,33997
8496084,34006
8496732,34015
8497376,34024
8498020,34033
8498664,34042
8499312,34051
8499952,34060
8500596,34069
8501236,34078
8501884,34087
8502532,34096
8503172,34105
8503816,34114
8504464,34123
8505104,34132
8505752,34141
8506400,34150
8507032,34159
8507688,34168
8508320,34177
8508976,34186
8509620,34195
8510256,34204
8510908,34213
8511556,34222
8512200,34231
8512844,34240
8513480,34249
8514124,34257
8514772,34267
8515412,34276
8516060,34285
8516704,34294
8517348,34303
8517996,34312
8518636,34321
8519284,34330
8519932,34339
8520572,34348
8521220,34356
8521864,34365
8522504,34374
8523152,34383
8523800,34392
8524440,34402
8525084,34410
8525724,34419
8526372,34428
8527016,34437
8527660,34446
8528304,34455
8528952,34464
8529592,34473
8530240,34482
8530876,34491
8531524,34500
8532172,34509
8532812,34518
8533456,34527
8534104,34536
8534744,34545
8535392,34554
8536032,34563
8536680,34572
8537324,34581
8537968,34590
8538612,34599
8539260,34608
8539900,34617
8540548,34626
8541192,34635
8541836,34644
8542480,34653
8543120,34662
8543768,34671
8544416,34680
8545056,34689
8545700,34698
8546348,34707
8546988,34716
8547636,34725
8548276,34734
8548924,34743
8549572,34752
8550212,34761
8550860,34770
8551508,34779
8552148,34788
8552796,34797
8553436,34806
8554084,34815
8554732,34824
8555372,34833
8556020,34842
8556668,34851
8557308,34860
8557956,34869
8558604,34878
8559244,34887
8559892,34896
8560532,34905
8561180,34914
8561828,34923
8562468,34932
8563116,34941
8563764,34950
8564404,34959
8565052,34968
8565692,34977
8566340,34986
8566984,34995
8567628,35004
8568276,35013