17344836,0.00
17345624,3.60
17346400,3.60
17347184,3.60
17347964,3.60
17348740,3.60
17349496,3.60
17350272,3.60
17351032,3.60
17351792,3.60
17352548,3.60
17353308,3.60
17354084,3.60
17354844,3.60
17355636,7.20
17356424,7.20
17357208,7.20
17357984,7.20
17358756,7.20
17359516,7.20
17360280,7.20
17361056,7.20
17361812,7.20
17362612,10.80
17363452,10.80
17364284,10.80
17365112,10.80
17365912,10.80
17366724,10.80
17367552,10.80
17368412,14.40
17369244,14.40
17370060,14.40
17370888,14.40
17371700,14.40
17372528,14.40
17373388,18.00
17374196,18.00
17375020,18.00
17375832,18.00
17376664,18.00
17377508,21.60
17378344,21.60
17379176,21.60
17379988,21.60
17380828,21.60
17381676,25.20
17382508,25.20
17383324,25.20
17384140,25.20
17385012,28.80
17385848,28.80
17386692,28.80
17387492,28.80
17388320,28.80
17389176,32.40
17390024,32.40
17390828,32.40
17391668,32.40
17392512,36.00
17393348,36.00
17394156,36.00
17395024,39.60
17395856,39.60
17396680,39.60
17397512,39.60
17398364,43.20
17399216,43.20
17400020,43.20
17400896,46.80
17401712,46.80
17402540,46.80
17403424,50.40
17404248,50.40
17405072,50.40
17405920,50.40
17406744,50.40
17407584,50.40
17408460,57.60
17409284,57.60
17410104,57.60
17410980,61.20
17411800,61.20
17412624,61.20
17413500,64.80
17414344,64.80
17415160,64.80
17416016,68.40
17416852,68.40
17417736,72.00
17418572,72.00
17419372,72.00
17420224,75.60
17421080,75.60
17421956,79.20
17422796,79.20
17423628,79.20
17424476,79.20
17425292,79.20
17426168,86.40
17427004,86.40
17427888,90.00
17428724,90.00
17429548,90.00
17430372,90.00
17431200,90.00
17432060,97.20
17432904,97.20
17433780,100.80
17434680,100.80
17435600,104.40
17436484,104.40
17437420,108.00
17438296,108.00
17439216,108.00
17440088,108.00
17441004,108.00
17441900,108.00
17442804,108.00
17443728,122.40
17444620,122.40
17445548,126.00
17446436,126.00
17447376,129.60
17448252,129.60
17449192,129.60
17450100,136.80
17450988,136.80
17451916,140.40
17452800,140.40
17453740,140.40
17454660,147.60
17455552,147.60
17456460,147.60
17457360,147.60
17458268,147.60
17459184,158.40
17460068,158.40
17461008,158.40
17461936,165.60
17462820,165.60
17463752,165.60
17464672,172.80
17465564,172.80
17466488,172.80
17467416,180.00
17468312,180.00
17469224,180.00
17470136,180.00
17471076,190.80
17471968,190.80
17472896,190.80
17473812,198.00
17474716,198.00
17475620,198.00
17476544,198.00
17477456,208.80
17478408,212.40
17479292,212.40
17480216,212.40
17481144,212.40
17482072,223.20
17482972,223.20
17483880,223.20
17484824,223.20
17485724,223.20
17486664,237.60
17487624,241.20
17488532,241.20
17489440,241.20
17490364,241.20
17491272,241.20
17492204,241.20
17493136,259.20
17494084,262.80
17494980,262.80
17495900,262.80
17496828,262.80
17497756,262.80
17498680,262.80
17499580,262.80
17500508,262.80
17501440,288.00
17502384,291.60
17503336,295.20
17504284,298.80
17505236,302.40
17506188,306.00
17507096,306.00
17508028,306.00
17508960,306.00
17509900,306.00
17510824,306.00
17511720,306.00
17512644,306.00
17513568,306.00
17514484,306.00
17515408,306.00
17516328,306.00
17517252,306.00
17518200,306.00
17519124,306.00
17520040,306.00
17521016,363.60
17521956,367.20
17522908,370.80
17523880,374.40
17524792,374.40
17525712,374.40
17526640,374.40
17527560,374.40
17528492,374.40
17529444,374.40
17530400,403.20
17531352,406.80
17532284,406.80
17533212,406.80
17534128,406.80
17535048,406.80
17536048,428.40
17536980,432.00
17537900,432.00
17538840,432.00
17539752,432.00
17540684,432.00
17541660,453.60
17542588,453.60
17543512,453.60
17544432,453.60
17545424,471.60
17546352,471.60
17547288,471.60
17548204,471.60
17549196,489.60
17550140,489.60
17551068,489.60
17552012,489.60
17552968,507.60
17553912,507.60
17554836,507.60
17555816,522.00
17556752,522.00
17557668,522.00
17558628,536.40
17559564,536.40
17560492,536.40
17561460,550.80
17562388,550.80
17563320,550.80
17564312,565.20
17565252,565.20
17566188,565.20
17567140,565.20
17568080,565.20
17569052,590.40
17569988,590.40
17570972,601.20
17571916,601.20
17572856,601.20
17573816,601.20
17574744,601.20
17575720,601.20
17576648,601.20
17577656,637.20
17578576,637.20
17579552,648.00
17580496,648.00
17581492,659.70
17582420,659.70
17583376,659.70
17584332,659.70
17585296,659.70
17586280,687.60
17587224,687.60
17588200,698.40
17589136,698.40
17590096,698.40
17591040,698.40
17592000,698.40
17592964,727.20
17593908,727.20
17594868,727.20
17595860,745.20
17596796,745.20
17597768,745.20
17598760,763.20
17599696,763.20
17600660,763.20
17601656,781.20
17602592,781.20
17603544,781.20
17604528,799.20
17605472,799.20
17606448,799.20
17607412,817.20
17608372,817.20
17609328,817.20
17610288,817.20
17611280,842.40
17612212,842.40
17613188,842.40
17614148,842.40
17615136,867.60
17616088,867.60
17617044,867.60
17618016,867.60
17619016,892.80
17620004,900.00
17621004,907.20
17621948,907.20
17622908,907.20
17623884,907.20
17624844,907.20
17625828,939.60
17626824,946.80
17627828,954.00
17628820,961.20
17629764,961.20
17630720,961.20
17631696,961.20
17632672,961.20
17633648,961.20
17634624,961.20
17635600,961.20
17636584,961.20
17637560,961.20
17638536,961.20
17639512,961.20
17640476,961.20
17641424,961.20
17642424,961.20
17643400,961.20
17644368,961.20
17645340,961.20
17646316,961.20
17647292,961.20
17648268,961.20
17649244,961.20
17650220,961.20
17651212,961.20
17652224,1134.00
17653288,1141.20
17654316,1141.20
17655336,1141.20
17656372,1141.20
17657436,1173.60
17658484,1173.60
17659504,1173.60
17660584,1198.80
17661612,1198.80
17662648,1198.80
17663684,1198.80
17664736,1198.80
17665768,1198.80
17666800,1198.80
17667880,1256.40
17668908,1256.40
17669988,1274.40
17671040,1274.40
17672064,1274.40
17673144,1299.60
17674172,1299.60
17675252,1317.60
17676304,1317.60
17677384,1335.60
17678428,1335.60
17679508,1353.60
17680552,1353.60
17681632,1371.60
17682676,1371.60
17683772,1389.60
17684800,1389.60
17685864,1389.60
17686916,1389.60
17687992,1389.60
17689020,1389.60
17690088,1389.60
17691168,1454.40
17692212,1454.40
17693280,1454.40
17694380,1483.20
17695424,1483.20
17696492,1483.20
17697540,1483.20
17698608,1483.20
17699704,1530.00
17700800,1540.80
17701840,1540.80
17702936,1540.80
17704008,1569.60
17705076,1569.60
17706136,1569.60
17707212,1569.60
17708300,1609.20
17709360,1609.20
17710428,1609.20
17711520,1609.20
17712608,1648.80
17713696,1659.60
17714804,1670.40
17715860,1670.40
17716928,1670.40
17718012,1670.40
17719104,1670.40
17720160,1670.40
17721276,1731.60
17722384,1742.40
17723488,1753.20
17724596,1764.00
17725692,1774.80
17726796,1785.60
17727900,1797.30
17728980,1797.30
17730064,1797.30
17731176,1828.80
17732252,1828.80
17733336,1828.80
17734416,1828.80
17735524,1828.80
17736608,1828.80
17737692,1828.80
17738772,1828.80
17739852,1828.80
17740936,1828.80
17742020,1828.80
17743128,1828.80
17744248,1962.00
17745372,1972.80
17746472,1972.80
17747544,1972.80
17748628,1972.80
17749728,1972.80
17750856,2030.40
17751972,2030.40
17753052,2030.40
17754164,2030.40
17755288,2077.20
17756404,2077.20
17757480,2077.20
17758628,2113.20
17759744,2113.20
17760820,2113.20
17761968,2149.20
17763076,2149.20
17764176,2149.20
17765324,2185.20
17766420,2185.20
17767568,2210.40
17768676,2210.40
17769820,2235.60
17770936,2235.60
17772028,2235.60
17773144,2235.60
17774236,2235.60
17775380,2296.80
17776488,2296.80
17777636,2322.00
17778744,2322.00
17779900,2347.20
17780992,2347.20
17782124,2347.20
17783240,2347.20
17784384,2347.20
17785520,2412.00
17786624,2412.00
17787780,2437.20
17788892,2437.20
17790028,2437.20
17791192,2476.80
17792348,2491.20
17793456,2491.20
17794612,2491.20
17795752,2530.80
17796876,2530.80
17798008,2530.80
17799148,2530.80
17800304,2584.80
17801428,2584.80
17802552,2584.80
17803704,2584.80
17804856,2638.80
17806008,2653.20
17807108,2653.20
17808260,2653.20
17809408,2653.20
17810556,2653.20
17811724,2721.60
17812896,2736.00
17814044,2750.40
17815212,2764.80
17816384,2779.20
17817552,2793.60
17818748,2808.00
17819912,2822.40
17821060,2822.40
17822208,2822.40
17823356,2822.40
17824504,2822.40
17825652,2822.40
17826800,2822.40
17827968,2822.40
17829116,2822.40
17830256,2822.40
17831408,2822.40
17832556,2822.40
17833704,2822.40
17834844,2822.40
17836008,2822.40
17837188,3042.00
17838368,3056.40
17839536,3056.40
17840676,3056.40
17841816,3056.40
17843024,3117.60
17844208,3117.60
17845352,3117.60
17846520,3117.60
17847720,3178.80
17848876,3178.80
17850016,3178.80
17851224,3225.60
17852396,3225.60
17853568,3225.60
17854768,3272.40
17855924,3272.40
17857136,3304.80
17858308,3304.80
17859508,3337.20
17860696,3337.20
17861828,3337.20
17863072,3384.00
17864204,3384.00
17865428,3416.40
17866584,3416.40
17867816,3448.80
17868972,3448.80
17870172,3448.80
17871328,3448.80
17872548,3448.80
17873704,3448.80
17874900,3448.80
17876096,3564.00
17877264,3564.00
17878464,3564.00
17879656,3564.00
17880832,3564.00
17882048,3646.80
17883260,3664.80
17884432,3664.80
17885652,3664.80
17886836,3715.20
17888008,3715.20
17889228,3715.20
17890472,3765.60
17891664,3783.60
17892852,3783.60
17894044,3783.60
17895264,3783.60
17896460,3783.60
17897668,3870.00
17898892,3888.00
17900120,3906.00
17901328,3906.00
17902496,3906.00
17903712,3906.00
17904912,3906.00
17906128,3906.00
17907340,3906.00
17908532,3906.00
17909784,4046.40
17910996,4046.40
17912212,4046.40
17913424,4046.40
17914628,4046.40
17915844,4046.40
17917064,4046.40
17918268,4046.40
17919472,4046.40
17920680,4046.40
17921888,4046.40
17923132,4046.40
17924372,4266.00
17925632,4284.00
17926836,4284.00
17928036,4284.00
17929248,4284.00
17930508,4359.60
17931748,4377.60
17932968,4377.60
17934164,4377.60
17935396,4377.60
17936628,4453.20
17937872,4453.20
17939072,4453.20
17940308,4453.20
17941572,4528.80
17942784,4528.80
17944056,4568.40
17945300,4568.40
17946504,4568.40
17947808,4626.00
17949008,4626.00
17950284,4665.60
17951496,4665.60
17952752,4705.20
17953996,4705.20
17955252,4744.80
17956488,4744.80
17957752,4784.40
17958984,4784.40
17960240,4824.00
17961464,4824.00
17962716,4863.60
17963940,4863.60
17965228,4903.20
17966512,4924.80
17967736,4924.80
17969020,4964.40
17970296,4986.00
17971528,4986.00
17972812,4986.00
17974072,5047.20
17975368,5068.80
17976592,5068.80
17977868,5068.80
17979116,5130.00
17980348,5130.00
17981628,5130.00
17982908,5191.20
17984168,5212.80
17985452,5234.40
17986760,5256.00
17988052,5277.60
17989348,5299.20
17990648,5320.80
17991932,5342.40
17993220,5364.00
17994504,5385.60
17995792,5407.20
17997080,5428.80
17998384,5450.40
17999692,5472.00
18000980,5493.60
18002248,5493.60
18003516,5493.60
18004768,5493.60
18006080,5580.00
18007352,5580.00
18008628,5580.00
18009884,5580.00
18011160,5580.00
18012428,5580.00
18013760,5713.20
18015084,5734.80
18016356,5734.80
18017624,5734.80
18018932,5734.80
18020212,5824.80
18021500,5824.80
18022776,5824.80
18024044,5824.80
18025308,5824.80
18026640,5936.40
18027960,5958.00
18029216,5958.00
18030548,6004.80
18031852,6004.80
18033108,6004.80
18034436,6073.20
18035732,6073.20
18036992,6073.20
18038340,6141.60
18039616,6141.60
18040940,6188.40
18042232,6188.40
18043492,6188.40
18044836,6256.80
18046116,6256.80
18047460,6303.60
18048736,6303.60
18050104,6350.40
18051364,6350.40
18052704,6350.40
18054028,6422.40
18055332,6422.40
18056692,6469.20
18058012,6494.40
18059308,6494.40
18060648,6494.40
18061968,6566.40
18063268,6566.40
18064616,6566.40
18065936,6638.40
18067228,6638.40
18068564,6638.40
18069900,6710.40
18071236,6735.60
18072528,6735.60
18073864,6735.60
18075204,6735.60
18076556,6832.80
18077924,6858.00
18079280,6883.20
18080616,6908.40
18081940,6933.60
18083292,6958.80
18084624,6958.80
18085920,6958.80
18087252,6958.80
18088580,6958.80
18089896,6958.80
18091232,6958.80
18092604,7131.60
18093920,7131.60
18095256,7131.60
18096628,7207.20
18097960,7207.20
18099296,7207.20
18100620,7207.20
18101952,7207.20
18103284,7207.20
18104612,7207.20
18105944,7207.20
18107276,7207.20
18108616,7207.20
18109940,7207.20
18111272,7207.20
18112664,7513.20
18114028,7513.20
18115352,7513.20
18116684,7513.20
18118020,7513.20
18119408,7642.80
18120768,7642.80
18122100,7642.80
18123432,7642.80
18124840,7747.20
18126176,7747.20
18127492,7747.20
18128888,7826.40
18130248,7826.40
18131572,7826.40
18133004,7905.60
18134328,7905.60
18135756,7959.60
18137080,7959.60
18138512,8013.60
18139836,8013.60
18141260,8067.60
18142580,8067.60
18144008,8121.60
18145400,8150.40
18146756,8150.40
18148180,8204.40
18149572,8233.20
18150928,8233.20
18152352,8287.20
18153736,8316.00
18155096,8316.00
18156500,8316.00
18157876,8398.80
18159236,8398.80
18160644,8398.80
18162020,8481.60
18163376,8481.60
18164776,8481.60
18166196,8564.40
18167612,8593.20
18169036,8622.00
18170412,8650.80
18171828,8679.60
18173252,8708.40
18174608,8708.40
18176012,8708.40
18177408,8708.40
18178784,8820.00
18180204,8848.80
18181620,8877.60
18183036,8906.40
18184460,8935.20
18185876,8964.00
18187312,8992.80
18188704,9021.60
18190120,9050.40
18191532,9079.20
18192952,9108.00
18194304,9108.00
18195692,9108.00
18197084,9108.00
18198496,9219.60
18199920,9248.40
18201320,9248.40
18202708,9248.40
18204144,9334.80
18205524,9334.80
18206956,9392.40
18208372,9421.20
18209772,9421.20
18211196,9478.80
18212592,9478.80
18214016,9536.40
18215436,9565.20
18216832,9565.20
18218240,9565.20
18219636,9565.20
18221032,9565.20
18222440,9565.20
18223856,9738.00
18225256,9738.00
18226648,9738.00
18228028,9824.40
18229468,9853.20
18230864,9853.20
18232248,9910.80
18233688,9939.60
18235088,9939.60
18236480,9939.60
18237876,9939.60
18239276,9939.60
18240680,9939.60
18242076,9939.60
18243484,10141.20
18244972,10141.20
18246456,10141.20
18247912,10141.20
18249416,10141.20
18250932,10141.20
18252424,10325.70
18253932,10357.20
18255412,10357.20
18256924,10357.20
18258392,10357.20
18259912,10357.20
18261360,10357.20
18262884,10357.20
18264380,10357.20
18265872,10602.00
18267376,10634.40
18268860,10634.40
18270396,10634.40
18271908,10728.00
18273392,10728.00
18274936,10789.20
18276436,10821.60
18277920,10821.60
18279476,10884.60
18280968,10915.20
18282452,10915.20
18284008,10976.40
18285508,11008.80
18286996,11008.80
18288540,11070.00
18290044,11102.40
18291524,11102.40
18293044,11102.40
18294484,11102.40
18296012,11102.40
18297516,11257.20
18299008,11257.20
18300548,11318.40
18302060,11350.80
18303544,11350.80
18305084,11412.00
18306580,11444.40
18308064,11444.40
18309584,11444.40
18311084,11538.00
18312568,11538.00
18314104,11599.20
18315616,11631.60
18317100,11631.60
18318628,11631.60
18320096,11631.60
18321588,11631.60
18323092,11786.40
18324580,11786.40
18326096,11786.40
18327604,11880.00
18329084,11880.00
18330612,11941.20
18332112,11973.60
18333596,11973.60
18335128,11973.60
18336568,11973.60
18338100,11973.60
18339592,12128.40
18341084,12128.40
18342604,12128.40
18344104,12222.00
18345584,12222.00
18347108,12222.00
18348608,12315.60
18350100,12315.60
18351624,12315.60
18353064,12315.60
18354584,12315.60
18356084,12470.40
18357572,12470.40
18359088,12470.40
18360612,12564.00
18362076,12564.00
18363600,12564.00
18365096,12657.60
18366584,12657.60
18368100,12657.60
18369616,12751.20
18371100,12751.20
18372640,12812.40
18374148,12844.80
18375604,12844.80
18377128,12844.80
18378648,12938.40
18380180,12970.80
18381660,12970.80
18383180,12970.80
18384688,13064.40
18386176,13064.40
18387700,13064.40
18389208,13158.00
18390684,13158.00
18392208,13158.00
18393708,13251.60
18395196,13251.60
18396708,13251.60
18398216,13345.20
18399764,13377.60
18401248,13377.60
18402776,13377.60
18404280,13471.20
18405768,13471.20
18407292,13471.20
18408792,13564.80
18410272,13564.80
18411792,13564.80
18413284,13658.40
18414796,13658.40
18416292,13658.40
18417788,13752.00
18419268,13752.00
18420784,13752.00
18422220,13752.00
18423740,13752.00
18425172,13752.00
18426684,13752.00
18428188,13968.00
18429668,13968.00
18431180,13968.00
18432680,14061.60
18434168,14061.60
18435676,14061.60
18437140,14061.60
18438632,14061.60
18440136,14216.40
18441620,14216.40
18443144,14216.40
18444644,14310.00
18446120,14310.00
18447632,14310.00
18449128,14403.60
18450616,14403.60
18452128,14403.60
18453632,14497.20
18455116,14497.20
18456636,14497.20
18458076,14497.20
18459588,14497.20
18461112,14652.00
18462576,14652.00
18464088,14652.00
18465584,14745.60
18467112,14745.60
18468584,14745.60
18470084,14839.20
18471564,14839.20
18473084,14839.20
18474524,14839.20
18476044,14839.20
18477516,14839.20
18479008,14839.20
18480512,14839.20
18482032,15087.60
18483520,15087.60
18485032,15087.60
18486532,15181.20
18488012,15181.20
18489544,15181.20
18491048,15274.80
18492528,15274.80
18494052,15274.80
18495548,15368.40
18497032,15368.40
18498540,15368.40
18500040,15462.00
18501516,15462.00
18503052,15524.10
18504600,15555.60
18506100,15588.00
18507576,15588.00
18509120,15649.20
18510612,15681.60
18512104,15681.60
18513612,15681.60
18515112,15775.20
18516660,15807.60
18518148,15807.60
18519668,15807.60
18521168,15901.20
18522692,15901.20
18524172,15901.20
18525644,15901.20
18527116,15901.20
18528620,16056.00
18530096,16056.00
18531616,16056.00
18533116,16149.60
18534596,16149.60
18536104,16149.60
18537604,16243.20
18539084,16243.20
18540604,16243.20
18542044,16243.20
18543560,16243.20
18545068,16398.00
18546544,16398.00
18548060,16398.00
18549556,16491.60
18551044,16491.60
18552556,16491.60
18554056,16585.20
18555540,16585.20
18557060,16585.20
18558560,16678.80
18560052,16678.80
18561572,16678.80
18563076,16772.40
18564560,16772.40
18566080,16772.40
18567576,16866.00
18569052,16866.00
18570576,16866.00
18572000,16866.00
18573520,16866.00
18575016,17020.80
18576508,17020.80
18578028,17020.80
18579536,17114.40
18581016,17114.40
18582548,17114.40
18584048,17208.00
18585528,17208.00
18587048,17208.00
18588544,17301.60
18590096,17334.00
18591572,17334.00
18593116,17395.20
18594620,17427.60
18596108,17427.60
18597640,17490.60
18599156,17521.20
18600684,17553.60
18602172,17553.60
18603688,17553.60
18605184,17647.20
18606668,17647.20
18608188,17647.20
18609628,17647.20
18611140,17647.20
18612648,17802.00
18614128,17802.00
18615668,17863.20
18617164,17895.60
18618692,17895.60
18620164,17895.60
18621664,17989.20
18623148,17989.20
18624668,17989.20
18626168,18082.80
18627656,18082.80
18629180,18082.80
18630620,18082.80
18632136,18082.80
18633640,18237.60
18635128,18237.60
18636644,18237.60
18638144,18331.20
18639628,18331.20
18641144,18331.20
18642620,18331.20
18644096,18331.20
18645600,18486.00
18647080,18486.00
18648616,18547.20
18650128,18579.60
18651608,18579.60
18653120,18579.60
18654620,18673.20
18656104,18673.20
18657624,18673.20
18659124,18766.80
18660612,18766.80
18662136,18766.80
18663648,18860.40
18665132,18860.40
18666660,18860.40
18668164,18954.00
18669648,18954.00
18671164,18954.00
18672668,19047.60
18674152,19047.60
18675668,19047.60
18677148,19047.60
18678620,19047.60
18680128,19202.40
18681608,19202.40
18683136,19202.40
18684576,19202.40
18686092,19202.40
18687592,19357.20
18689148,19389.60
18690628,19389.60
18692144,19389.60
18693624,19389.60
18695096,19389.60
18696604,19544.40
18698088,19544.40
18699636,19607.40
18701128,19638.00
18702612,19638.00
18704128,19638.00
18705632,19731.60
18707112,19731.60
18708636,19731.60
18710136,19825.20
18711628,19825.20
18713140,19825.20
18714584,19825.20
18716104,19825.20
18717608,19980.00
18719092,19980.00
18720596,19980.00
18722052,19980.00
18723568,19980.00
18725072,20134.80
18726556,20134.80
18728076,20134.80
18729576,20228.40
18731068,20228.40
18732580,20228.40
18734100,20322.00
18735576,20322.00
18737116,20383.20
18738616,20415.60
18740124,20415.60
18741616,20415.60
18743112,20509.20
18744600,20509.20
18746112,20509.20
18747620,20602.80
18749100,20602.80
18750632,20602.80
18752072,20602.80
18753588,20602.80
18755092,20757.60
18756576,20757.60
18758096,20757.60
18759596,20851.20
18761148,20883.60
18762632,20883.60
18764160,20883.60
18765640,20883.60
18767116,20883.60
18768600,20883.60
18770076,20883.60
18771576,21099.60
18773064,21099.60
18774580,21099.60
18776104,21193.20
18777612,21193.20
18779084,21193.20
18780584,21286.80
18782064,21286.80
18783596,21286.80
18785036,21286.80
18786556,21286.80
18788056,21441.60
18789548,21441.60
18791068,21441.60
18792568,21535.20
18794052,21535.20
18795572,21535.20
18797064,21628.80
18798548,21628.80
18800080,21628.80
18801580,21722.40
18803068,21722.40
18804592,21722.40
18806100,21816.00
18807576,21816.00
18809104,21816.00
18810600,21909.60
18812092,21909.60
18813604,21909.60
18815104,22003.20
18816588,22003.20
18818108,22003.20
18819600,22003.20
18821076,22003.20
18822576,22158.00
18824052,22158.00
18825596,22221.00
18827084,22251.60
18828600,22251.60
18830088,22251.60
18831588,22345.20
18833072,22345.20
18834596,22345.20
18836100,22438.80
18837588,22438.80
18839112,22438.80
18840624,22532.40
18842108,22532.40
18843620,22532.40
18845116,22626.00
18846596,22626.00
18848128,22687.20
18849620,22719.60
18851108,22719.60
18852624,22719.60
18854132,22813.20
18855616,22813.20
18857144,22813.20
18858648,22906.80
18860136,22906.80
18861648,22906.80
18863172,23000.40
18864704,23032.80
18866192,23032.80
18867708,23032.80
18869208,23126.40
18870700,23126.40
18872224,23126.40
18873732,23220.00
18875212,23220.00
18876736,23220.00
18878232,23313.60
18879764,23313.60
18881240,23313.60
18882736,23407.20
18884220,23407.20
18885740,23407.20
18887240,23500.80
18888732,23500.80
18890256,23500.80
18891756,23594.40
18893248,23594.40
18894760,23594.40
18896264,23688.00
18897740,23688.00
18899264,23688.00
18900760,23781.60
18902248,23781.60
18903764,23781.60
18905272,23875.20
18906756,23875.20
18908288,23875.20
18909792,23968.80
18911340,24001.20
18912824,24001.20
18914344,24001.20
18915848,24094.80
18917356,24094.80
18918852,24094.80
18920344,24188.40
18921832,24188.40
18923356,24188.40
18924860,24282.00
18926336,24282.00
18927880,24343.20
18929372,24375.60
18930920,24408.00
18932400,24408.00
18933924,24408.00
18935420,24501.60
18936912,24501.60
18938424,24501.60
18939932,24595.20
18941416,24595.20
18942952,24658.20
18944504,24688.80
18946004,24721.20
18947556,24753.60
18949040,24753.60
18950560,24753.60
18952064,24847.20
18953544,24847.20
18955056,24847.20
18956564,24940.80
18958048,24940.80
18959568,24940.80
18961012,24940.80
18962532,24940.80
18964024,25095.60
18965576,25128.00
18967052,25128.00
18968572,25128.00
18970076,25221.60
18971560,25221.60
18973080,25221.60
18974584,25315.20
18976072,25315.20
18977596,25315.20
18979108,25408.80
18980592,25408.80
18982112,25408.80
18983604,25502.40
18985156,25534.80
18986640,25534.80
18988160,25534.80
18989656,25628.40
18991144,25628.40
18992668,25628.40
18994168,25722.00
18995652,25722.00
18997188,25783.20
18998704,25815.60
19000232,25848.00
19001716,25848.00
19003232,25848.00
19004736,25941.60
19006220,25941.60
19007740,25941.60
19009240,26035.20
19010732,26035.20
19012252,26035.20
19013752,26128.80
19015236,26128.80
19016756,26128.80
19018256,26222.40
19019740,26222.40
19021280,26222.40
19022804,26222.40
19024312,26348.40
19025796,26348.40
19027316,26348.40
19028820,26442.00
19030300,26442.00
19031840,26503.20
19033352,26535.60
19034812,26535.60
19036340,26535.60
19037884,26629.20
19039384,26661.60
19040908,26661.60
19042388,26661.60
19043880,26755.20
19045364,26755.20
19046884,26755.20
19048368,26755.20
19049844,26755.20
19051336,26910.00
19052812,26910.00
19054328,26910.00
19055832,27003.60
19057356,27003.60
19058836,27003.60
19060328,27097.20
19061820,27097.20
19063344,27097.20
19064816,27097.20
19066316,27097.20
19067852,27252.00
19069396,27284.40
19070900,27316.80
19072380,27316.80
19073892,27316.80
19075392,27410.40
19076876,27410.40
19078396,27410.40
19079900,27504.00
19081388,27504.00
19082916,27565.20
19084468,27597.60
19085960,27630.00
19087436,27630.00
19088956,27630.00
19090460,27723.60
19091932,27723.60
19093448,27723.60
19094956,27817.20
19096440,27817.20
19097960,27817.20
19099464,27910.80
19101016,27943.20
19102500,27943.20
19104020,27943.20
19105512,28036.80
19107064,28069.20
19108548,28069.20
19110068,28069.20
19111564,28162.80
19113056,28162.80
19114568,28162.80
19116008,28162.80
19117528,28162.80
19119020,28317.60
19120536,28317.60
19122044,28317.60
19123564,28317.60
19125068,28443.60
19126620,28476.00
19128100,28476.00
19129636,28537.20
19131128,28569.60
19132620,28569.60
19134132,28569.60
19135632,28663.20
19137120,28663.20
19138640,28663.20
19140132,28756.80
19141664,28756.80
19143148,28756.80
19144692,28850.40
19146240,28882.80
19147744,28915.20
19149236,28915.20
19150748,28915.20
19152248,29008.80
19153732,29008.80
19155252,29008.80
19156744,29102.40
19158228,29102.40
19159744,29102.40
19161244,29196.00
19162716,29196.00
19164232,29196.00
19165672,29196.00
19167180,29196.00
19168616,29196.00
19170136,29196.00
19171632,29412.00
19173112,29412.00
19174628,29412.00
19176124,29505.60
19177676,29538.00
19179156,29538.00
19180680,29538.00
19182180,29631.60
19183672,29631.60
19185196,29631.60
19186696,29725.20
19188172,29725.20
19189696,29725.20
19191212,29725.20
19192732,29851.20
19194216,29851.20
19195732,29851.20
19197232,29944.80
19198780,29977.20
19200272,29977.20
19201788,29977.20
19203296,30070.80
19204776,30070.80
19206296,30070.80
19207788,30164.40
19209340,30196.80
19210824,30196.80
19212340,30196.80
19213836,30290.40
19215320,30290.40
19216840,30290.40
19218340,30384.00
19219828,30384.00
19221360,30447.00
19222904,30477.60
19224396,30510.00
19225872,30510.00
19227392,30510.00
19228888,30603.60
19230368,30603.60
19231888,30603.60
19233384,30697.20
19234872,30697.20
19236388,30697.20
19237916,30790.80
19239376,30790.80
19240888,30790.80
19242388,30884.40
19243932,30916.80
19245424,30916.80
19246936,30916.80
19248436,31010.40
19249980,31042.80
19251468,31042.80
19252992,31042.80
19254500,31136.40
19256024,31136.40
19257500,31136.40
19258996,31230.00
19260540,31262.40
19262024,31262.40
19263540,31262.40
19265036,31356.00
19266516,31356.00
19268040,31356.00
19269536,31449.60
19271048,31449.60
19272536,31449.60
19274036,31543.20
19275520,31543.20
19277052,31543.20
19278572,31543.20
19280100,31669.20
19281560,31669.20
19283080,31669.20
19284572,31762.80
19286084,31762.80
19287572,31762.80
19289076,31856.40
19290628,31888.80
19292112,31888.80
19293632,31888.80
19295124,31982.40
19296648,31982.40
19298120,31982.40
19299664,32076.00
19301140,32076.00
19302632,32076.00
19304172,32169.60
19305680,32202.00
19307156,32202.00
19308680,32202.00
19310176,32295.60
19311696,32295.60
19313168,32295.60
19314660,32389.20
19316204,32421.60
19317684,32421.60
19319208,32421.60
19320708,32515.20
19322200,32515.20
19323716,32515.20
19325216,32608.80
19326696,32608.80
19328228,32608.80
19329732,32608.80
19331256,32734.80
19332800,32767.20
19334292,32767.20
19335804,32767.20
19337304,32860.80
19338784,32860.80
19340304,32860.80
19341804,32954.40
19343292,32954.40
19344824,32954.40
19346364,33048.00
19347876,33048.00
19349328,33048.00
19350844,33048.00
19352340,33174.00
19353816,33174.00
19355348,33235.20
19356864,33267.60
19358392,33300.00
19359876,33300.00
19361388,33300.00
19362860,33300.00
19364348,33300.00
19365888,33454.80
19367436,33487.20
19368928,33519.60
19370480,33552.00
19371960,33552.00
19373484,33552.00
19374984,33645.60
19376472,33645.60
19377988,33645.60
19379504,33739.20
19380988,33739.20
19382492,33739.20
19384016,33739.20
19385516,33865.20
19387000,33865.20
19388520,33865.20
19390016,33958.80
19391504,33958.80
19393040,33958.80
19394588,34052.40
19396132,34084.80
19397624,34117.20
19399164,34149.60
19400652,34149.60
19402184,34149.60
19403728,34244.10
19405244,34244.10
19406744,34244.10
19408236,34244.10
19409768,34244.10
19411268,34401.60
19412752,34401.60
19414284,34401.60
19415808,34401.60
19417312,34527.60
19418856,34560.00
19420332,34560.00
19421852,34560.00
19423348,34653.60
19424832,34653.60
19426344,34653.60
19427848,34747.20
19429332,34747.20
19430864,34747.20
19432388,34747.20
19433888,34873.20
19435416,34873.20
19436908,34873.20
19438432,34873.20
19439932,34999.20
19441460,34999.20
19442952,34999.20
19444496,35092.80
19445996,35125.20
19447476,35125.20
19449008,35125.20
19450532,35125.20
19452076,35251.20
19453572,35283.60
19455124,35316.00
19456608,35316.00
19458096,35316.00
19459548,35316.00
19461060,35316.00
19462496,35316.00
19464004,35316.00
19465496,35532.00
19466976,35532.00
19468492,35532.00
19469980,35625.60
19471532,35658.00
19473012,35658.00
19474524,35658.00
19475956,35658.00
19477464,35658.00
19478940,35658.00
19480420,35658.00
19481964,35874.00
19483476,35906.40
19485004,35938.80
19486484,35938.80
19488024,35938.80
19489544,35938.80
19491044,36064.80
19492528,36064.80
19494048,36064.80
19495540,36158.40
19497072,36158.40
19498548,36158.40
19500064,36252.00
19501540,36252.00
19503044,36252.00
19504580,36345.60
19506076,36378.00
19507612,36410.40
19509096,36410.40
19510616,36410.40
19512112,36504.00
19513600,36504.00
19515108,36504.00
19516584,36504.00
19518072,36504.00
19519588,36504.00
19521088,36691.20
19522612,36691.20
19524084,36691.20
19525628,36784.80
19527128,36817.20
19528612,36817.20
19530152,36817.20
19531676,36817.20
19533176,36943.20
19534664,36943.20
19536192,36943.20
19537716,36943.20
19539208,37069.20
19540736,37069.20
19542224,37069.20
19543748,37069.20
19545252,37195.20
19546736,37195.20
19548260,37195.20
19549752,37288.80
19551304,37321.20
19552852,37353.60
19554404,37386.00
19555884,37386.00
19557408,37386.00
19558948,37479.60
19560500,37512.00
19561988,37544.40
19563472,37544.40
19564988,37544.40
19566492,37638.00
19567968,37638.00
19569500,37638.00
19571036,37731.60
19572584,37764.00
19574128,37797.30
19575624,37828.80
19577104,37828.80
19578640,37828.80
19580180,37923.30
19581676,37954.80
19583156,37954.80
19584672,37954.80
19586184,38048.40
19587704,38080.80
19589256,38113.20
19590800,38145.60
19592352,38178.00
19593832,38178.00
19595348,38178.00
19596848,38271.60
19598380,38271.60
19599868,38271.60
19601420,38367.00
19602952,38397.60
19604448,38430.00
19605924,38430.00
19607452,38430.00
19608988,38523.60
19610532,38556.00
19612028,38588.40
19613552,38588.40
19615040,38588.40
19616584,38682.00
19618132,38714.40
19619624,38746.80
19621176,38779.20
19622720,38811.60
19624272,38844.00
19625752,38844.00
19627268,38844.00
19628780,38937.60
19630308,38970.00
19631788,38970.00
19633304,38970.00
19634732,38970.00
19636260,38970.00
19637800,39124.80
19639316,39157.20
19640836,39189.60
19642316,39189.60
19643848,39189.60
19645372,39189.60
19646924,39315.60
19648420,39348.00
19649908,39348.00
19651428,39348.00
19652976,39441.60
19654468,39474.00
19655948,39474.00
19657476,39474.00
19658996,39474.00
19660496,39600.00
19662032,39632.40
19663516,39632.40
19665036,39632.40
19666528,39726.00
19668016,39726.00
19669524,39726.00
19671020,39819.60
19672520,39819.60
19674028,39819.60
19675556,39819.60
19677068,39945.60
19678592,39978.00
19680072,39978.00
19681604,39978.00
19683144,40071.60
19684632,40104.00
19686112,40104.00
19687628,40104.00
19689056,40104.00
19690580,40104.00
19692080,40104.00
19693600,40291.20
19695144,40323.60
19696696,40356.00
19698172,40356.00
19699692,40356.00
19701208,40449.60
19702740,40482.00
19704224,40482.00
19705732,40482.00
19707224,40575.60
19708768,40608.00
19710244,40608.00
19711772,40608.00
19713312,40701.60
19714856,40734.00
19716348,40766.40
19717832,40766.40
19719360,40766.40
19720904,40860.00
19722448,40892.40
19723944,40924.80
19725492,40957.20
19726968,40957.20
19728500,40957.20
19730024,40957.20
19731540,41083.20
19733060,41115.60
19734548,41115.60
19736060,41115.60
19737556,41209.20
19739040,41209.20
19740560,41209.20
19742100,41302.80
19743644,41335.20
19745184,41367.60
19746680,41400.00
19748156,41400.00
19749660,41400.00
19751156,41493.60
19752640,41493.60
19754168,41493.60
19755716,41587.20
19757264,41619.60
19758772,41652.00
19760292,41684.40
19761800,41684.40
19763304,41684.40
19764828,41684.40
19766324,41810.40
19767868,41842.80
19769372,41842.80
19770868,41842.80
19772360,41936.40
19773912,41968.80
19775392,41968.80
19776924,41968.80
19778444,41968.80
19779940,42094.80
19781476,42127.20
19783024,42159.60
19784512,42159.60
19786040,42159.60
19787584,42254.10
19789116,42285.60
19790620,42318.00
19792104,42318.00
19793612,42318.00
19795104,42411.60
19796640,42444.00
19798168,42444.00
19799652,42444.00
19801152,42444.00
19802668,42570.00
19804148,42570.00
19805664,42570.00
19807092,42570.00
19808624,42570.00
19810156,42724.80
19811696,42757.20
19813188,42789.60
19814732,42822.00
19816232,42822.00
19817744,42822.00
19819272,42915.60
19820788,42948.00
19822244,42948.00
19823776,42948.00
19825316,43041.60
19826832,43041.60
19828368,43106.40
19829892,43138.80
19831436,43171.20
19832992,43203.60
19834464,43203.60
19835996,43203.60
19837532,43297.20
19839072,43329.60
19840580,43362.00
19842052,43362.00
19843572,43362.00
19845108,43455.60
19846624,43488.00
19848104,43488.00
19849604,43488.00
19851140,43582.50
19852672,43582.50
19854176,43646.40
19855696,43646.40
19857180,43646.40
19858708,43646.40
19860212,43772.40
19861736,43772.40
19863220,43772.40
19864740,43772.40
19866252,43898.40
19867776,43930.80
19869316,43963.20
19870848,43963.20
19872332,43963.20
19873860,43963.20
19875364,44089.20
19876916,44121.60
19878440,44121.60
19879924,44121.60
19881444,44121.60
19882936,44247.60
19884480,44280.00
19885956,44280.00
19887492,44280.00
19889020,44373.60
19890536,44406.00
19892040,44406.00
19893524,44406.00
19895060,44499.60
19896576,44499.60
19898096,44564.40
19899636,44596.80
19901180,44629.20
19902724,44661.60
19904208,44661.60
19905740,44661.60
19907264,44661.60
19908764,44787.60
19910248,44787.60
19911780,44787.60
19913280,44787.60
19914800,44913.60
19916316,44913.60
19917800,44913.60
19919320,44913.60
19920816,45039.60
19922356,45072.00
19923836,45072.00
19925352,45072.00
19926780,45072.00
19928316,45072.00
19929848,45226.80
19931376,45226.80
19932880,45291.60
19934420,45324.00
19935900,45324.00
19937428,45324.00
19938944,45324.00
19940440,45450.00
19941920,45450.00
19943436,45450.00
19944932,45543.60
19946412,45543.60
19947940,45543.60
19949468,45543.60
19950984,45543.60
19952496,45702.00
19953972,45702.00
19955500,45702.00
19957036,45795.60
19958584,45828.00
19960076,45860.40
19961624,45892.80
19963176,45925.20
19964660,45925.20
19966192,45925.20
19967712,45925.20
19969256,46051.20
19970748,46083.60
19972288,46116.00
19973768,46116.00
19975280,46116.00
19976780,46209.60
19978300,46209.60
19979772,46209.60
19981324,46303.20
19982868,46335.60
19984420,46368.00
19985960,46400.40
19987512,46432.80
19989056,46465.20
19990568,46465.20
19992088,46530.00
19993568,46530.00
19995104,46530.00
19996644,46623.60
19998192,46656.00
19999732,46689.30
20001284,46720.80
20002792,46753.20
20004320,46785.60
20005816,46785.60
20007324,46785.60
20008848,46785.60
20010348,46911.60
20011872,46911.60
20013364,46911.60
20014888,46911.60
20016376,47037.60
20017900,47037.60
20019392,47037.60
20020908,47037.60
20022448,47163.60
20023940,47196.00
20025488,47228.40
20026972,47228.40
20028504,47228.40
20030028,47228.40
20031536,47354.40
20033076,47386.80
20034556,47386.80
20036088,47386.80
20037604,47386.80
20039116,47512.80
20040640,47545.20
20042188,47577.60
20043672,47577.60
20045204,47577.60
20046728,47577.60
20048228,47703.60
20049712,47703.60
20051244,47703.60
20052756,47703.60
20054248,47829.60
20055776,47829.60
20057268,47829.60
20058784,47829.60
20060300,47955.60
20061824,47988.00
20063308,47988.00
20064820,47988.00
20066324,48081.60
20067860,48114.00
20069340,48114.00
20070868,48114.00
20072384,48114.00
20073880,48240.00
20075356,48240.00
20076872,48240.00
20078384,48333.60
20079908,48366.00
20081388,48366.00
20082904,48366.00
20084400,48459.60
20085952,48492.00
20087420,48492.00
20088944,48492.00
20090484,48585.60
20092032,48618.90
20093576,48650.40
20095092,48682.80
20096592,48682.80
20098068,48682.80
20099560,48776.40
20101076,48776.40
20102568,48776.40
20104088,48776.40
20105632,48902.40
20107124,48934.80
20108668,48967.20
20110192,48967.20
20111680,48967.20
20113204,48967.20
20114704,49093.20
20116192,49093.20
20117720,49093.20
20119244,49093.20
20120764,49219.20
20122280,49251.60
20123832,49284.00
20125304,49284.00
20126836,49284.00
20128368,49377.60
20129880,49410.00
20131336,49410.00
20132872,49410.00
20134412,49503.60
20135960,49536.00
20137464,49536.00
20138920,49536.00
20140448,49536.00
20141968,49536.00
20143464,49694.40
20145000,49726.80
20146492,49726.80
20148016,49726.80
20149544,49726.80
20151052,49852.80
20152592,49885.20
20154080,49885.20
20155608,49885.20
20157136,49885.20
20158652,49885.20
20160172,50043.60
20161712,50076.00
20163192,50076.00
20164728,50076.00
20166256,50169.60
20167748,50202.00
20169228,50202.00
20170748,50202.00
20172256,50202.00
20173772,50328.00
20175296,50328.00
20176784,50328.00
20178304,50328.00
20179792,50454.00
20181276,50454.00
20182796,50454.00
20184308,50454.00
20185760,50454.00
20187276,50454.00
20188792,50641.20
20190316,50673.60
20191856,50706.00
20193404,50738.40
20194948,50770.80
20196500,50803.20
20198024,50803.20
20199516,50803.20
20201044,50803.20
20202544,50929.20
20204020,50929.20
20205544,50929.20
20207068,50929.20
20208560,51055.20
20210104,51087.60
20211652,51120.00
20213132,51120.00
20214660,51120.00
20216200,51213.60
20217744,51246.00
20219236,51278.40
20220720,51278.40
20222252,51278.40
20223768,51278.40
20225268,51404.40
20226784,51404.40
20228272,51404.40
20229788,51404.40
20231288,51530.40
20232832,51562.80
20234384,51595.20
20235868,51595.20
20237400,51595.20
20238940,51690.60
20240472,51690.60
20241968,51753.60
20243508,51786.00
20244988,51786.00
20246516,51786.00
20248048,51879.60
20249592,51912.00
20251140,51944.40
20252636,51976.80
20254188,52009.20
20255712,52009.20
20257204,52009.20
20258720,52009.20
20260232,52135.20
20261752,52167.60
20263236,52167.60
20264768,52167.60
20266292,52167.60
20267784,52293.60
20269308,52293.60
20270792,52293.60
20272324,52293.60
20273816,52419.60
20275384,52452.00
20276840,52452.00
20278364,52452.00
20279884,52452.00
20281404,52578.00
20282920,52610.40
20284404,52610.40
20285932,52610.40
20287456,52610.40
20288960,52736.40
20290468,52736.40
20291972,52736.40
20293488,52736.40
20295004,52862.40
20296524,52894.80
20298044,52894.80
20299520,52894.80
20301048,52894.80
20302552,53020.80
20304104,53053.20
20305652,53085.60
20307204,53118.00
20308684,53118.00
20310208,53118.00
20311732,53118.00
20313228,53244.00
20314700,53244.00
20316228,53244.00
20317744,53244.00
20319176,53244.00
20320700,53244.00
20322240,53431.20
20323788,53463.60
20325284,53496.00
20326820,53528.40
20328344,53528.40
20329836,53528.40
20331348,53528.40
20332892,53654.40
20334384,53686.80
20335892,53686.80
20337392,53686.80
20338920,53686.80
20340396,53686.80
20341948,53841.60
20343492,53874.00
20345040,53906.40
20346584,53938.80
20348136,53971.20
20349680,54003.60
20351232,54036.00
20352772,54068.40
20354324,54100.80
20355868,54133.20
20357404,54165.60
20358912,54198.00
20360448,54230.40
20361996,54262.80
20363544,54295.20
20365044,54295.20
20366544,54295.20
20368088,54388.80
20369640,54421.20
20371184,54453.60
20372736,54486.00
20374260,54518.40
20375784,54550.80
20377312,54583.20
20378856,54615.60
20380404,54648.00
20381876,54648.00
20383396,54648.00
20384944,54741.60
20386488,54774.00
20388036,54806.40
20389564,54838.80
20391088,54871.20
20392624,54903.60
20394180,54936.00
20395688,54936.00
20397168,54936.00
20398708,55029.60
20400260,55062.00
20401800,55094.40
20403348,55126.80
20404896,55159.20
20406444,55191.60
20407976,55224.00
20409504,55256.40
20411032,55288.80
20412576,55321.20
20414092,55321.20
20415564,55321.20
20417112,55414.80
20418664,55447.20
20420208,55479.60
20421760,55512.00
20423300,55544.40
20424852,55576.80
20426380,55609.20
20427948,55641.60
20429496,55674.00
20431044,55706.40
20432588,55738.80
20434140,55771.20
20435688,55803.60
20437240,55836.00
20438780,55868.40
20440332,55900.80
20441880,55933.20
20443432,55965.60
20444976,55998.00
20446524,56030.40
20448072,56062.80
20449620,56095.20
20451164,56127.60
20452720,56160.00
20454260,56192.40
20455812,56224.80
20457360,56257.20
20458912,56289.60
20460456,56322.00
20462004,56354.40
20463548,56386.80
20465100,56419.20
20466648,56451.60
20468180,56451.60
20469724,56516.40
20471276,56548.80
20472824,56581.20
20474376,56613.60
20475932,56646.00
20477472,56678.40
20479024,56710.80
20480572,56743.20
20482120,56775.60
20483660,56808.00
20485204,56840.40
20486728,56872.80
20488268,56905.20
20489776,56937.60
20491272,56937.60
20492776,56937.60
20494320,57031.20
20495872,57063.60
20497420,57096.00
20498940,57128.40
20500492,57160.80
20502048,57193.20
20503600,57225.60
20505144,57258.00
20506688,57290.40
20508216,57322.80
20509728,57355.20
20511264,57387.60
20512748,57387.60
20514268,57387.60
20515812,57481.20
20517360,57513.60
20518904,57546.00
20520452,57578.40
20522000,57610.80
20523544,57643.20
20525092,57675.60
20526636,57708.00
20528160,57740.40
20529660,57772.80
20531144,57772.80
20532664,57772.80
20534208,57866.40
20535756,57898.80
20537300,57931.20
20538852,57963.60
20540396,57996.00
20541940,58028.40
20543484,58060.80
20545032,58093.20
20546584,58125.60
20548124,58158.00
20549672,58190.40
20551200,58222.80
20552764,58255.20
20554308,58287.60
20555860,58320.00
20557396,58352.40
20558948,58384.80
20560492,58417.20
20562040,58449.60
20563524,58482.00
20565048,58482.00
20566536,58543.20
20568088,58575.60
20569608,58575.60
20571160,58640.40
20572704,58672.80
20574252,58705.20
20575796,58737.60
20577348,58770.00
20578888,58802.40
20580436,58834.80
20581968,58867.20
20583484,58899.60
20585008,58932.00
20586484,58932.00
20588008,58932.00
20589548,59025.60
20591104,59058.00
20592652,59090.40
20594196,59122.80
20595752,59155.20
20597300,59187.60
20598832,59187.60
20600380,59252.40
20601932,59284.80
20603480,59317.20
20605032,59351.40
20606560,59351.40
20608112,59414.40
20609660,59446.80
20611212,59479.20
20612756,59511.60
20614312,59544.00
20615856,59576.40
20617408,59608.80
20618956,59641.20
20620488,59641.20
20622032,59706.00
20623584,59738.40
20625132,59770.80
20626660,59770.80
20628208,59835.60
20629764,59868.00
20631288,59900.40
20632860,59932.80
20634408,59965.20
20635960,59997.60
20637512,60030.00
20639060,60062.40
20640608,60096.60
20642152,60128.10
20643676,60128.10
20645232,60192.00
20646776,60224.40
20648328,60256.80
20649856,60289.20
20651400,60321.60
20652912,60354.00
20654452,60386.40
20655988,60418.80
20657536,60451.20
20659032,60451.20
20660524,60451.20
20662068,60544.80
20663624,60577.20
20665172,60609.60
20666724,60642.00
20668268,60674.40
20669820,60706.80
20671368,60739.20
20672900,60739.20
20674448,60804.00
20675996,60836.40
20677544,60868.80
20679096,60901.20
20680644,60933.60
20682196,60966.00
20683740,60998.40
20685296,61030.80
20686840,61063.20
20688392,61095.60
20689924,61095.60
20691472,61160.40
20693024,61192.80
20694548,61192.80
20696104,61257.60
20697652,61290.00
20699200,61322.40
20700744,61354.80
20702300,61387.20
20703848,61419.60
20705404,61452.00
20706948,61484.40
20708476,61484.40
20710024,61549.20
20711580,61581.60
20713128,61614.00
20714676,61646.40
20716220,61678.80
20717776,61711.20
20719324,61743.60
20720876,61776.00
20722420,61808.40
20723932,61808.40
20725496,61873.20
20727052,61905.60
20728600,61938.00
20730148,61970.40
20731696,62002.80
20733248,62037.00
20734792,62067.60
20736348,62100.00
20737888,62132.40
20739440,62164.80
20740988,62197.20
20742532,62229.60
20744056,62229.60
20745608,62294.40
20747156,62326.80
20748708,62359.20
20750256,62391.60
20751812,62424.00
20753356,62456.40
20754908,62488.80
20756456,62521.20
20757988,62521.20
20759536,62586.00
20761084,62618.40
20762640,62650.80
20764164,62650.80
20765716,62715.60
20767268,62748.00
20768816,62780.40
20770360,62812.80
20771916,62845.20
20773464,62877.60
20775016,62910.00
20776560,62942.40
20778092,62942.40
20779640,63007.20
20781192,63039.60
20782744,63072.00
20784292,63104.40
20785840,63136.80
20787396,63169.20
20788944,63201.60
20790496,63234.00
20792040,63266.40
20793584,63298.80
20795112,63298.80
20796668,63363.60
20798216,63396.00
20799764,63428.40
20801316,63460.80
20802868,63493.20
20804416,63525.60
20805968,63558.00
20807512,63590.40
20809044,63590.40
20810592,63655.20
20812144,63687.60
20813668,63687.60
20815224,63752.40
20816768,63784.80
20818324,63817.20
20819872,63849.60
20821424,63882.00
20822968,63914.40
20824520,63946.80
20826068,63979.20
20827616,64011.60
20829160,64044.00
20830708,64077.30
20832232,64077.30
20833788,64141.20
20835340,64173.60
20836884,64206.00
20838432,64238.40
20839976,64270.80
20841528,64303.20
20843076,64335.60
20844628,64368.00
20846168,64400.40
20847700,64400.40
20849244,64465.20
20850796,64497.60
20852344,64530.00
20853892,64562.40
20855436,64594.80
20856992,64627.20
20858540,64659.60
20860092,64692.00
20861632,64724.40
20863184,64756.80
20864732,64791.00
20866260,64791.00
20867800,64854.00
20869332,64886.40
20870844,64918.80
20872384,64951.20
20873932,64983.60
20875484,65016.00
20876956,65016.00
20878480,65016.00
20880020,65109.60
20881572,65142.00
20883116,65174.40
20884648,65174.40
20886196,65239.20
20887748,65271.60
20889296,65304.00
20890828,65336.40
20892332,65368.80
20893876,65401.20
20895348,65401.20
20896868,65401.20
20898416,65494.80
20899968,65527.20
20901512,65559.60
20903044,65559.60
20904592,65624.40
20906148,65656.80
20907676,65689.20
20909248,65721.60
20910796,65754.00
20912344,65786.40
20913892,65818.80
20915448,65851.20
20916972,65851.20
20918528,65916.00
20920072,65948.40
20921624,65980.80
20923172,66013.20
20924728,66045.60
20926276,66078.00
20927828,66110.40
20929376,66142.80
20930920,66175.20
20932448,66175.20
20934004,66240.00
20935544,66272.40
20937100,66304.80
20938648,66337.20
20940204,66369.60
20941752,66402.00
20943304,66434.40
20944852,66466.80
20946384,66466.80
20947932,66531.60
20949488,66564.00
20951032,66596.40
20952556,66596.40
20954104,66661.20
20955660,66693.60
20957212,66726.00
20958756,66758.40
20960312,66790.80
20961860,66823.20
20963416,66855.60
20964964,66888.90
20966496,66888.90
20968040,66952.80
20969592,66985.20
20971144,67017.60
20972680,67017.60
20974224,67082.40
20975780,67114.80
20977324,67147.20
20978880,67179.60
20980428,67212.00
20981976,67244.40
20983524,67276.80
20985052,67276.80
20986600,67341.60
20988152,67374.00
20989696,67406.40
20991248,67438.80
20992796,67471.20
20994352,67503.60
20995896,67536.00
20997444,67568.40
20998988,67600.80
21000540,67633.20
21002068,67633.20
21003620,67698.00
21005164,67730.40
21006716,67762.80
21008264,67795.20
21009816,67827.60
21011300,67827.60
21012816,67827.60
21014324,67921.20
21015872,67953.60